0 1 
3 0 
5 4 
4 6 
1 7 
8 3 
11 5 
13 12 
14 13 
6 15 
15 16 
12 17 
16 18 
7 19 
20 8 
25 20 
19 26 
28 14 
29 11 
17 33 
33 35 
18 36 
42 25 
26 44 
44 45 
45 46 
46 47 
50 28 
51 29 
35 59 
36 60 
47 61 
67 42 
70 67 
77 50 
78 51 
80 81 
81 82 
82 83 
83 85 
85 86 
59 90 
60 91 
61 95 
105 70 
107 105 
116 77 
117 78 
97 118 
121 116 
122 80 
127 121 
86 127 
90 135 
91 136 
95 143 
144 97 
154 107 
166 117 
118 168 
168 166 
173 122 
135 183 
183 184 
184 173 
136 185 
143 190 
192 144 
193 154 
185 228 
190 232 
235 192 
237 193 
228 273 
232 276 
273 279 
280 235 
279 281 
281 280 
284 237 
276 323 
323 330 
333 284 
330 374 
374 376 
377 333 
376 422 
422 424 
425 377 
429 425 
430 429 
424 467 
467 469 
475 430 
469 511 
511 512 
513 475 
529 516 
512 555 
555 556 
557 513 
516 560 
572 529 
556 597 
598 557 
599 598 
560 602 
613 572 
597 637 
639 599 
640 639 
602 642 
642 648 
655 613 
637 679 
680 640 
681 680 
648 693 
699 655 
679 721 
722 681 
723 722 
693 737 
742 699 
721 763 
764 723 
765 764 
737 782 
787 742 
763 807 
808 765 
809 808 
782 827 
832 787 
807 853 
856 809 
827 876 
876 879 
881 832 
853 901 
903 856 
879 925 
926 881 
901 945 
947 903 
925 968 
969 926 
945 987 
989 947 
968 1007 
1008 969 
987 1026 
1028 989 
1007 1044 
1047 1008 
1026 1065 
1067 1028 
1082 1047 
1044 1082 
1065 1102 
1104 1067 
1102 1138 
1140 1104 
1138 1170 
1172 1140 
1170 1201 
1203 1172 
1201 1232 
1234 1203 
1232 1261 
1263 1234 
1261 1288 
1290 1263 
1288 1313 
1315 1290 
1313 1336 
1338 1315 
1336 1357 
1359 1338 
1357 1377 
1379 1359 
1377 1396 
1398 1379 
1396 1412 
1414 1398 
1412 1427 
1429 1414 
1427 1440 
1442 1429 
1440 1452 
1454 1442 
1452 1462 
1464 1454 
1462 1471 
1473 1464 
1471 1478 
1480 1473 
1478 1484 
1486 1480 
1484 1488 
1490 1486 
1488 1491 
1491 1492 
1492 1490 
