1 0 2 
0 3 2 
7 1 9 
9 1 2 
3 8 10 
3 10 2 
9 2 10 
4 5 13 
4 13 6 
13 12 6 
14 13 5 
14 5 11 
15 6 17 
12 17 6 
19 7 21 
21 7 9 
8 20 22 
10 8 22 
21 9 23 
23 9 10 
10 22 24 
10 24 23 
28 14 11 
14 28 27 
11 29 28 
17 12 30 
12 13 31 
30 12 31 
13 14 32 
31 13 32 
32 14 27 
17 33 15 
33 16 15 
18 16 33 
33 17 34 
34 17 30 
35 18 33 
35 36 18 
26 19 37 
37 19 21 
20 25 38 
22 20 38 
37 21 39 
39 21 23 
22 38 40 
24 22 40 
39 23 41 
24 40 41 
41 23 24 
25 42 43 
38 25 43 
44 26 48 
48 26 37 
32 27 49 
28 50 27 
50 49 27 
50 28 51 
28 29 51 
34 30 52 
30 31 53 
53 52 30 
54 53 31 
31 32 54 
32 49 54 
55 54 49 
52 56 34 
35 33 57 
57 33 34 
57 34 56 
35 57 58 
35 59 36 
59 35 58 
60 36 59 
48 37 62 
62 37 39 
38 43 63 
40 38 63 
62 39 64 
64 39 41 
40 63 65 
40 65 41 
64 41 66 
66 41 65 
42 67 68 
43 42 68 
43 68 69 
63 43 69 
45 44 71 
71 44 48 
46 45 72 
72 45 71 
47 46 73 
73 46 72 
61 47 74 
74 47 73 
71 48 75 
75 48 62 
49 76 55 
50 77 49 
49 77 76 
51 78 50 
77 50 78 
81 80 56 
52 81 56 
82 81 52 
53 82 52 
83 82 53 
83 53 54 
85 83 54 
85 54 55 
86 85 55 
86 55 76 
76 84 86 
56 80 88 
57 56 88 
89 58 57 
88 89 57 
90 59 58 
89 90 58 
59 90 91 
59 91 60 
94 61 74 
95 61 94 
96 92 79 
75 62 98 
98 62 64 
63 69 99 
65 63 99 
98 64 100 
100 64 66 
65 99 101 
65 101 66 
100 66 101 
67 70 102 
68 67 102 
68 102 103 
69 68 103 
69 103 104 
99 69 104 
70 105 106 
102 70 106 
72 71 108 
108 71 75 
73 72 109 
109 72 108 
110 79 111 
79 92 111 
92 93 112 
92 112 111 
74 73 113 
113 73 109 
94 74 114 
114 74 113 
108 75 115 
115 75 98 
77 116 76 
76 116 84 
116 77 117 
77 78 117 
119 96 79 
119 79 110 
118 97 120 
120 97 96 
120 96 119 
116 121 84 
122 80 87 
80 122 88 
80 81 123 
87 80 123 
81 82 124 
123 81 124 
82 83 125 
124 82 125 
83 85 126 
125 83 126 
121 127 84 
127 86 84 
85 86 128 
126 85 128 
86 127 129 
86 129 128 
87 123 130 
131 122 87 
131 87 132 
132 87 130 
88 122 133 
88 133 89 
122 134 133 
135 90 89 
133 135 89 
136 91 90 
90 135 136 
96 137 92 
92 137 93 
138 94 114 
112 93 139 
139 93 140 
93 137 141 
93 141 140 
142 95 94 
142 94 138 
143 95 142 
97 144 96 
96 144 137 
115 98 145 
145 98 100 
99 104 146 
101 99 146 
145 100 147 
147 100 101 
101 146 148 
101 148 147 
102 106 149 
103 102 149 
103 149 150 
104 103 150 
104 150 151 
146 104 151 
105 107 152 
106 105 152 
106 152 153 
149 106 153 
107 154 155 
152 107 155 
119 110 156 
109 108 157 
157 108 115 
113 109 158 
158 109 157 
156 110 159 
110 111 160 
159 110 160 
160 111 112 
112 139 162 
112 162 160 
162 139 161 
138 114 163 
161 138 163 
114 113 164 
114 164 163 
164 113 158 
157 115 165 
165 115 145 
117 166 116 
121 116 166 
167 118 120 
168 118 167 
119 156 169 
167 120 170 
120 119 170 
169 170 119 
171 121 166 
127 121 172 
172 121 171 
173 122 131 
122 173 134 
123 124 174 
130 123 174 
124 125 175 
174 124 175 
125 126 176 
126 128 176 
175 125 176 
129 127 177 
127 172 177 
128 129 178 
129 177 178 
128 178 176 
132 130 179 
130 174 179 
132 179 180 
173 131 181 
181 131 182 
131 132 182 
182 132 180 
183 135 133 
183 133 134 
184 183 134 
134 173 184 
135 183 185 
135 185 136 
137 144 186 
137 186 141 
187 142 138 
187 138 161 
187 161 139 
187 139 140 
141 186 188 
141 188 140 
188 187 140 
189 143 142 
189 142 187 
190 143 189 
144 191 186 
144 192 191 
165 145 194 
194 145 147 
146 151 195 
148 146 195 
194 147 196 
148 195 196 
196 147 148 
149 153 197 
150 149 197 
150 197 198 
151 150 198 
151 198 199 
195 151 199 
152 155 200 
153 152 200 
153 200 201 
197 153 201 
154 193 202 
155 154 202 
155 202 203 
200 155 203 
204 169 156 
156 159 204 
158 157 205 
205 157 165 
164 158 206 
206 158 205 
207 204 159 
159 160 208 
159 208 207 
161 163 209 
161 209 162 
160 162 209 
209 208 160 
163 164 210 
209 163 210 
210 164 206 
205 165 211 
211 165 194 
166 168 212 
166 212 171 
168 167 213 
212 168 213 
213 167 170 
214 169 204 
213 170 215 
215 170 169 
215 169 214 
172 171 216 
216 171 217 
217 171 212 
177 172 218 
172 216 218 
184 173 219 
219 173 181 
174 175 220 
175 176 220 
174 220 179 
176 178 221 
220 176 221 
178 177 222 
177 218 222 
178 222 221 
180 179 223 
179 220 223 
224 182 180 
224 180 223 
219 181 225 
225 181 182 
225 182 226 
226 182 224 
184 219 227 
228 185 183 
184 227 228 
228 183 184 
186 191 229 
186 229 188 
230 189 187 
188 229 230 
230 187 188 
231 190 189 
231 189 230 
232 190 231 
229 191 233 
191 192 234 
191 234 233 
192 235 234 
202 193 236 
193 237 236 
211 194 238 
238 194 196 
195 199 239 
195 239 196 
238 196 240 
240 196 239 
197 201 241 
198 197 241 
198 241 242 
199 198 242 
199 242 243 
239 199 243 
200 203 244 
201 200 244 
201 244 245 
241 201 245 
202 236 246 
203 202 246 
203 246 247 
244 203 247 
214 204 248 
248 204 207 
249 214 248 
248 207 250 
206 205 251 
251 205 211 
210 206 252 
252 206 251 
250 207 253 
209 253 208 
253 207 208 
209 210 254 
209 254 253 
254 210 252 
251 211 255 
255 211 238 
218 216 256 
212 213 257 
212 257 217 
257 213 258 
258 213 215 
258 215 259 
259 215 214 
259 214 249 
216 217 260 
216 260 256 
260 217 261 
217 257 261 
222 218 262 
218 256 262 
262 256 263 
264 259 249 
219 225 265 
265 227 219 
266 227 265 
220 221 267 
220 267 223 
221 222 268 
222 262 268 
267 221 268 
269 224 223 
269 223 267 
226 224 270 
270 224 269 
265 225 271 
225 226 271 
226 270 271 
272 228 227 
272 227 266 
273 228 272 
274 231 230 
274 230 229 
274 229 233 
275 232 231 
275 231 274 
276 232 275 
233 234 277 
233 277 274 
234 235 278 
234 278 277 
235 280 278 
246 236 282 
236 237 283 
236 283 282 
237 284 283 
255 238 285 
285 238 240 
239 243 286 
239 286 240 
285 240 286 
241 245 287 
242 241 287 
242 287 288 
243 242 288 
243 288 289 
286 243 289 
244 247 290 
245 244 290 
245 290 291 
287 245 291 
246 282 292 
247 246 292 
247 292 293 
290 247 293 
292 282 294 
249 248 295 
295 248 250 
264 249 296 
249 295 296 
295 250 297 
250 253 298 
297 250 298 
252 251 299 
299 251 255 
254 252 300 
300 252 299 
253 254 301 
253 301 298 
301 254 300 
299 255 302 
302 255 285 
256 260 303 
256 303 263 
257 258 304 
257 304 261 
304 258 305 
305 258 259 
305 259 264 
260 261 306 
260 306 303 
306 261 307 
307 261 304 
262 263 308 
268 262 308 
308 263 309 
263 303 309 
310 305 264 
310 264 296 
266 265 311 
311 265 271 
272 266 312 
312 266 313 
313 266 311 
267 268 314 
314 269 267 
268 308 314 
270 269 315 
315 269 314 
270 315 316 
317 271 270 
317 270 316 
311 271 318 
318 271 317 
279 273 319 
319 273 320 
273 272 320 
320 272 312 
321 275 274 
321 274 277 
322 276 275 
322 275 321 
323 276 322 
277 278 324 
321 277 324 
278 280 325 
278 325 324 
325 280 326 
281 279 327 
327 279 319 
280 281 328 
280 328 326 
328 281 327 
327 319 329 
282 283 331 
282 331 294 
283 284 332 
283 332 331 
284 333 332 
302 285 334 
286 289 335 
334 285 335 
286 335 285 
287 291 336 
288 287 336 
288 336 337 
289 288 337 
289 337 338 
335 289 338 
290 293 339 
291 290 339 
291 339 340 
336 291 340 
292 294 341 
293 292 341 
293 341 342 
339 293 342 
294 331 343 
294 343 344 
341 294 344 
345 296 295 
295 297 345 
346 310 296 
346 296 345 
347 345 297 
297 298 348 
298 301 348 
297 348 347 
300 299 349 
349 299 302 
301 300 350 
301 350 348 
350 300 349 
349 302 351 
351 302 334 
303 306 352 
303 352 309 
304 305 353 
304 353 307 
353 305 310 
306 307 354 
306 354 352 
354 307 353 
308 309 355 
355 314 308 
355 309 352 
353 310 356 
356 310 346 
357 320 312 
313 311 358 
358 311 318 
357 312 359 
312 313 359 
359 313 360 
313 358 360 
358 318 361 
315 314 362 
315 362 316 
362 314 355 
363 317 316 
363 316 362 
318 317 364 
361 318 364 
364 317 363 
319 320 365 
329 319 365 
365 320 357 
365 357 366 
367 322 321 
367 321 324 
330 323 368 
368 323 322 
368 322 367 
324 325 369 
324 369 367 
325 326 370 
369 325 370 
326 328 371 
326 371 370 
328 327 372 
371 328 372 
372 327 329 
372 329 373 
329 365 373 
374 330 375 
375 330 368 
331 332 378 
331 378 343 
333 377 379 
332 333 379 
332 379 378 
343 378 380 
351 334 381 
334 335 381 
335 338 382 
335 382 381 
336 340 383 
337 336 383 
337 383 384 
338 337 384 
338 384 385 
382 338 385 
339 342 386 
340 339 386 
340 386 387 
383 340 387 
386 342 388 
341 344 389 
342 341 389 
342 389 388 
389 344 390 
343 380 391 
344 343 391 
344 391 392 
392 390 344 
391 380 393 
394 346 345 
394 345 347 
356 346 395 
395 346 394 
394 347 396 
396 347 397 
347 348 398 
350 398 348 
397 347 398 
350 349 399 
350 399 398 
399 349 351 
399 351 400 
400 351 381 
352 354 401 
352 401 355 
353 356 402 
354 353 402 
354 402 401 
362 355 403 
403 355 401 
402 356 404 
404 356 395 
366 357 405 
405 357 359 
360 358 406 
358 361 406 
405 359 407 
407 359 360 
407 360 406 
361 364 408 
361 408 406 
409 363 362 
409 362 403 
364 363 410 
408 364 410 
410 363 409 
365 366 411 
373 365 411 
373 411 412 
411 366 413 
366 405 413 
375 368 414 
414 368 367 
414 367 369 
414 369 415 
369 370 415 
370 371 416 
370 416 415 
371 372 417 
416 371 417 
417 372 418 
372 373 418 
418 373 412 
419 418 412 
376 374 420 
420 374 375 
420 375 421 
421 375 414 
422 376 423 
423 376 420 
377 425 426 
379 377 426 
379 426 427 
378 379 427 
378 427 380 
380 427 428 
428 393 380 
400 381 431 
382 385 431 
431 381 382 
385 432 431 
383 387 433 
384 383 433 
384 433 434 
385 384 434 
385 434 432 
433 387 435 
386 388 436 
387 386 436 
387 436 437 
437 435 387 
436 388 438 
389 390 439 
388 389 439 
439 438 388 
392 440 390 
390 440 439 
393 441 391 
441 440 392 
441 392 391 
428 442 393 
393 442 441 
404 395 443 
395 394 443 
443 394 396 
443 396 444 
444 396 445 
396 397 445 
397 398 446 
397 446 445 
398 399 447 
398 447 446 
447 399 400 
447 400 448 
448 400 431 
402 404 449 
402 449 401 
403 401 449 
450 409 403 
450 403 449 
449 404 451 
451 404 443 
413 405 452 
405 407 452 
452 407 453 
407 406 453 
453 406 408 
408 410 454 
408 454 453 
410 409 455 
454 410 455 
455 409 450 
411 413 456 
411 456 412 
419 412 456 
456 413 457 
457 413 452 
421 414 458 
458 414 415 
458 415 416 
459 458 416 
417 459 416 
417 418 460 
459 417 460 
460 418 419 
460 419 461 
461 419 462 
456 462 419 
423 420 463 
463 420 421 
463 421 464 
464 421 458 
424 422 465 
465 422 423 
465 423 466 
466 423 463 
467 424 468 
468 424 465 
425 429 470 
426 425 470 
426 470 471 
427 426 471 
427 471 428 
472 442 428 
472 428 471 
429 430 473 
470 429 473 
473 430 474 
430 475 474 
448 431 476 
431 432 476 
432 434 477 
477 476 432 
433 435 478 
434 433 478 
478 477 434 
437 479 435 
435 479 478 
438 480 436 
480 479 437 
480 437 436 
439 481 438 
438 481 480 
440 482 439 
439 482 481 
441 483 440 
440 483 482 
442 484 441 
441 484 483 
472 485 442 
442 485 484 
451 443 486 
486 443 444 
486 444 487 
487 444 488 
488 444 445 
488 445 446 
446 447 489 
446 489 488 
489 447 448 
489 448 490 
490 448 476 
449 451 491 
449 491 450 
455 450 492 
492 450 491 
491 451 493 
493 451 486 
457 452 494 
494 452 453 
494 453 495 
495 453 454 
495 454 496 
454 455 496 
455 492 497 
455 497 496 
456 457 498 
456 498 462 
498 457 499 
499 457 494 
464 458 500 
500 458 459 
500 459 501 
459 460 501 
460 461 501 
461 462 502 
461 502 501 
502 462 503 
503 462 498 
466 463 504 
504 463 464 
504 464 505 
505 464 500 
468 465 506 
506 465 466 
506 466 507 
507 466 504 
469 467 508 
508 467 468 
508 468 509 
509 468 506 
510 469 508 
511 469 510 
470 473 514 
471 470 514 
471 514 515 
471 515 472 
516 485 472 
516 472 515 
473 474 517 
514 473 517 
474 518 517 
475 513 519 
474 475 519 
474 519 518 
477 520 476 
476 520 490 
478 521 477 
477 521 520 
479 522 478 
478 522 521 
480 523 479 
479 523 522 
481 524 480 
480 524 523 
482 525 481 
481 525 524 
483 526 482 
482 526 525 
484 527 483 
483 527 526 
485 528 484 
484 528 527 
516 529 485 
485 529 528 
493 486 530 
530 486 487 
487 488 531 
530 487 532 
532 487 531 
490 533 489 
488 489 533 
533 531 488 
533 534 531 
520 535 490 
490 535 533 
491 493 536 
497 492 536 
491 536 492 
536 493 537 
537 493 530 
499 494 538 
538 494 495 
538 495 539 
539 495 496 
539 496 497 
539 497 540 
497 536 540 
498 499 541 
498 541 503 
541 499 542 
542 499 538 
505 500 543 
543 500 501 
543 501 544 
544 501 502 
544 502 503 
544 503 545 
503 541 545 
507 504 546 
546 504 505 
546 505 547 
547 505 543 
509 506 548 
548 506 507 
548 507 549 
549 507 546 
550 509 548 
510 508 551 
551 508 509 
551 509 550 
552 510 551 
512 511 553 
553 511 510 
553 510 552 
554 512 553 
555 512 554 
513 557 558 
519 513 558 
559 516 515 
559 515 514 
514 517 559 
560 516 559 
561 559 517 
561 517 518 
561 518 562 
519 558 563 
518 519 563 
518 563 562 
521 564 520 
520 564 535 
522 565 521 
521 565 564 
523 566 522 
522 566 565 
524 567 523 
523 567 566 
525 568 524 
524 568 567 
526 569 525 
525 569 568 
527 570 526 
526 570 569 
528 571 527 
527 571 570 
529 572 528 
528 572 571 
537 530 573 
573 530 532 
532 531 574 
534 574 531 
573 532 574 
535 575 533 
533 575 534 
575 576 534 
534 576 574 
564 577 535 
535 577 575 
536 537 578 
536 578 540 
578 537 579 
579 537 573 
542 538 580 
580 538 539 
580 539 581 
581 539 540 
581 540 578 
541 542 582 
541 582 545 
582 542 583 
583 542 580 
547 543 584 
584 543 544 
584 544 585 
585 544 545 
585 545 582 
586 547 584 
549 546 587 
587 546 547 
587 547 586 
550 548 588 
588 548 549 
588 549 589 
589 549 587 
590 550 588 
552 551 591 
591 551 550 
591 550 590 
592 552 591 
554 553 593 
593 553 552 
593 552 592 
594 554 593 
556 555 595 
595 555 554 
595 554 594 
596 556 595 
597 556 596 
557 598 600 
558 557 600 
558 600 601 
563 558 601 
602 560 559 
602 559 561 
603 602 561 
562 603 561 
604 603 562 
563 604 562 
563 601 605 
563 605 604 
565 606 564 
564 606 577 
566 607 565 
565 607 606 
567 608 566 
566 608 607 
568 609 567 
567 609 608 
569 610 568 
568 610 609 
570 611 569 
569 611 610 
571 612 570 
570 612 611 
572 613 571 
571 613 612 
579 573 614 
573 574 614 
576 615 574 
615 614 574 
577 616 575 
575 616 576 
616 615 576 
606 617 577 
577 617 616 
581 578 618 
578 579 618 
614 619 579 
618 579 619 
583 580 620 
620 580 581 
620 581 621 
621 581 618 
585 582 622 
582 583 622 
583 620 623 
624 622 583 
583 623 624 
586 584 625 
625 584 585 
625 585 626 
626 585 622 
627 586 625 
589 587 628 
628 587 586 
628 586 627 
590 588 629 
629 588 589 
629 589 630 
630 589 628 
631 590 629 
592 591 632 
632 591 590 
632 590 631 
592 632 633 
594 593 634 
593 592 634 
633 634 592 
595 594 635 
634 635 594 
636 596 595 
635 636 595 
637 597 596 
636 637 596 
598 599 638 
600 598 638 
599 639 641 
638 599 641 
600 638 643 
601 600 643 
601 643 644 
605 601 644 
642 602 645 
645 602 603 
645 603 646 
646 603 604 
646 604 647 
647 604 605 
647 605 644 
607 649 606 
606 649 617 
608 650 607 
607 650 649 
609 651 608 
608 651 650 
610 652 609 
609 652 651 
611 653 610 
610 653 652 
612 654 611 
611 654 653 
613 655 612 
612 655 654 
615 656 614 
614 656 619 
656 657 619 
616 658 615 
615 658 656 
617 659 616 
616 659 658 
649 660 617 
617 660 659 
619 657 661 
618 619 661 
661 621 618 
662 661 657 
623 620 663 
663 620 621 
661 664 621 
663 621 664 
623 663 665 
626 622 666 
666 622 624 
666 624 667 
667 624 623 
623 665 667 
668 626 666 
627 625 669 
669 625 626 
669 626 668 
670 627 669 
630 628 671 
671 628 627 
671 627 670 
630 671 672 
631 629 673 
630 672 673 
673 629 630 
632 631 674 
673 674 631 
675 633 632 
674 675 632 
676 634 633 
675 676 633 
677 635 634 
676 677 634 
678 636 635 
678 635 677 
679 637 636 
678 679 636 
638 641 682 
643 638 682 
639 640 683 
641 639 683 
640 680 684 
683 640 684 
641 683 685 
682 641 685 
648 642 686 
686 642 645 
643 682 687 
644 643 687 
644 687 688 
689 647 644 
644 688 689 
686 645 690 
690 645 646 
690 646 691 
691 646 647 
691 647 689 
692 648 686 
693 648 692 
650 694 649 
649 694 660 
651 695 650 
650 695 694 
652 696 651 
651 696 695 
653 697 652 
652 697 696 
654 698 653 
653 698 697 
655 699 654 
654 699 698 
658 700 656 
656 700 657 
700 662 657 
694 701 660 
659 702 658 
658 702 700 
660 701 703 
660 703 659 
659 703 702 
662 704 661 
661 704 664 
700 705 662 
662 705 704 
665 663 706 
664 706 663 
704 707 664 
664 707 706 
706 708 665 
708 667 665 
668 666 709 
709 666 667 
709 667 710 
708 710 667 
668 709 711 
669 668 711 
670 669 712 
711 712 669 
712 713 670 
714 672 671 
714 671 670 
670 713 714 
715 673 672 
714 715 672 
716 674 673 
715 716 673 
717 675 674 
716 717 674 
718 676 675 
717 718 675 
719 677 676 
718 719 676 
720 678 677 
719 720 677 
721 679 678 
720 721 678 
680 681 724 
684 680 724 
681 722 725 
724 681 725 
682 685 726 
687 682 726 
683 684 727 
685 683 727 
684 724 728 
727 684 728 
685 727 729 
726 685 729 
692 686 730 
730 686 690 
687 726 731 
688 687 731 
688 731 732 
732 689 688 
733 691 689 
733 689 732 
730 690 734 
734 690 691 
734 691 733 
735 692 730 
736 693 692 
736 692 735 
737 693 736 
695 738 694 
694 738 701 
696 739 695 
695 739 738 
697 740 696 
696 740 739 
698 741 697 
697 741 740 
699 742 698 
698 742 741 
738 743 701 
702 744 700 
700 744 705 
701 743 745 
701 745 703 
703 745 746 
703 746 702 
702 746 744 
705 747 704 
704 747 707 
744 748 705 
705 748 747 
707 749 706 
706 749 708 
747 750 707 
707 750 749 
749 751 708 
708 751 710 
710 751 752 
752 753 710 
753 711 709 
709 710 753 
754 712 711 
753 754 711 
755 713 712 
754 755 712 
756 714 713 
755 756 713 
757 715 714 
756 757 714 
758 716 715 
757 758 715 
759 717 716 
758 759 716 
760 718 717 
759 760 717 
761 719 718 
760 761 718 
762 720 719 
761 762 719 
763 721 720 
762 763 720 
722 723 766 
725 722 766 
723 764 767 
766 723 767 
724 725 768 
728 724 768 
725 766 769 
768 725 769 
726 729 770 
731 726 770 
727 728 771 
729 727 771 
728 768 772 
771 728 772 
729 771 773 
770 729 773 
735 730 774 
774 730 734 
731 770 775 
731 775 732 
776 732 775 
777 733 732 
777 732 776 
774 734 778 
778 734 733 
778 733 777 
779 736 735 
779 735 780 
780 735 774 
781 737 736 
781 736 779 
782 737 781 
783 781 779 
739 784 738 
738 784 743 
740 785 739 
739 785 784 
741 786 740 
740 786 785 
742 787 741 
741 787 786 
784 788 743 
743 788 789 
743 789 745 
746 790 744 
744 790 748 
745 789 791 
745 791 746 
746 791 790 
748 792 747 
747 792 750 
790 793 748 
748 793 792 
750 794 749 
749 794 751 
792 795 750 
750 795 794 
751 794 796 
751 796 752 
797 753 752 
752 796 797 
798 754 753 
797 798 753 
799 755 754 
798 799 754 
800 756 755 
799 800 755 
801 757 756 
800 801 756 
802 758 757 
801 802 757 
803 759 758 
802 803 758 
804 760 759 
803 804 759 
805 761 760 
804 805 760 
806 762 761 
805 806 761 
807 763 762 
806 807 762 
764 765 810 
767 764 810 
765 808 811 
810 765 811 
766 767 812 
769 766 812 
767 810 813 
812 767 813 
768 769 814 
772 768 814 
769 812 815 
814 769 815 
770 773 816 
775 770 816 
771 772 817 
773 771 817 
772 814 818 
817 772 818 
773 817 819 
816 773 819 
780 774 820 
820 774 778 
775 816 821 
775 821 776 
822 777 776 
822 776 821 
820 778 823 
823 778 777 
823 777 822 
783 779 824 
824 779 780 
824 780 825 
825 780 820 
826 782 781 
826 781 783 
827 782 826 
783 824 828 
829 826 783 
829 783 828 
785 830 784 
784 830 788 
786 831 785 
785 831 830 
787 832 786 
786 832 831 
830 833 788 
788 833 834 
788 834 789 
789 834 835 
789 835 791 
791 835 836 
791 836 790 
790 836 793 
793 837 792 
792 837 795 
836 838 793 
793 838 837 
833 839 834 
794 795 840 
794 840 796 
795 837 841 
795 841 840 
796 840 842 
796 842 797 
842 843 797 
844 798 797 
844 797 843 
845 799 798 
844 845 798 
846 800 799 
845 846 799 
847 801 800 
846 847 800 
848 802 801 
847 848 801 
849 803 802 
848 849 802 
850 804 803 
849 850 803 
851 805 804 
850 851 804 
852 806 805 
851 852 805 
853 807 806 
852 853 806 
808 809 854 
811 808 854 
854 809 855 
809 856 855 
810 811 857 
813 810 857 
811 854 858 
857 811 858 
812 813 859 
815 812 859 
813 857 860 
859 813 860 
814 815 861 
818 814 861 
815 859 862 
861 815 862 
816 819 863 
821 816 863 
817 818 864 
819 817 864 
818 861 865 
864 818 865 
819 864 866 
863 819 866 
825 820 867 
867 820 823 
821 863 868 
869 822 821 
821 868 869 
867 823 870 
870 823 822 
870 822 869 
871 825 867 
824 825 872 
824 872 828 
872 825 871 
872 871 873 
874 828 872 
875 827 826 
875 826 829 
876 827 875 
877 875 829 
877 829 878 
878 829 828 
878 828 874 
831 880 830 
830 880 833 
832 881 831 
831 881 880 
880 882 833 
833 882 839 
839 882 883 
834 839 884 
834 884 835 
835 884 885 
835 885 836 
836 885 838 
837 838 886 
837 886 841 
838 885 887 
838 887 886 
839 883 888 
884 839 888 
841 886 889 
841 889 890 
840 841 890 
840 890 842 
842 890 891 
842 891 843 
892 844 843 
892 843 891 
893 845 844 
892 893 844 
894 846 845 
893 894 845 
895 847 846 
894 895 846 
896 848 847 
895 896 847 
897 849 848 
896 897 848 
898 850 849 
897 898 849 
899 851 850 
898 899 850 
900 852 851 
899 900 851 
901 853 852 
900 901 852 
854 855 902 
858 854 902 
856 903 855 
903 902 855 
902 904 858 
857 858 905 
860 857 905 
905 858 904 
859 860 906 
862 859 906 
860 905 907 
906 860 907 
861 862 908 
865 861 908 
862 906 909 
908 862 909 
863 866 910 
868 863 910 
864 865 911 
866 864 911 
865 908 912 
911 865 912 
866 911 913 
910 866 913 
871 867 914 
914 867 870 
868 910 915 
915 869 868 
914 870 916 
916 870 869 
916 869 915 
873 871 917 
917 871 914 
918 874 872 
918 872 873 
918 873 919 
873 917 919 
920 878 874 
920 874 918 
879 876 921 
921 876 875 
921 875 877 
921 877 922 
877 878 922 
923 922 878 
923 878 920 
924 879 921 
925 879 924 
881 926 880 
880 926 882 
882 926 927 
882 927 883 
883 927 928 
883 928 888 
884 888 929 
885 884 929 
885 929 887 
886 887 930 
886 930 889 
887 929 931 
887 931 930 
928 932 888 
929 888 932 
889 930 933 
889 933 934 
890 889 934 
890 934 935 
890 935 891 
935 936 891 
892 891 936 
937 893 892 
937 892 936 
938 894 893 
937 938 893 
939 895 894 
938 939 894 
940 896 895 
939 940 895 
941 897 896 
940 941 896 
942 898 897 
941 942 897 
943 899 898 
942 943 898 
944 900 899 
943 944 899 
945 901 900 
944 945 900 
902 946 904 
903 947 902 
902 947 946 
904 946 948 
904 948 905 
948 949 905 
907 905 949 
949 950 907 
906 907 950 
909 906 950 
950 951 909 
908 909 952 
912 908 952 
952 909 951 
912 952 953 
910 913 954 
910 954 915 
955 915 954 
911 912 956 
913 911 956 
956 912 953 
913 956 957 
954 913 957 
917 914 958 
958 914 916 
958 916 959 
959 916 915 
959 915 955 
917 958 960 
919 917 961 
917 960 961 
920 918 962 
962 918 919 
962 919 963 
963 919 961 
923 920 964 
964 920 962 
965 923 964 
966 924 921 
922 966 921 
967 966 922 
967 922 923 
967 923 965 
968 925 924 
966 968 924 
926 969 970 
926 970 927 
927 970 971 
927 971 928 
928 971 972 
928 972 932 
932 973 929 
929 973 931 
930 974 933 
973 975 931 
930 931 975 
975 974 930 
932 972 976 
932 976 973 
974 977 933 
934 933 977 
977 935 934 
977 978 935 
978 936 935 
978 979 936 
936 979 937 
980 938 937 
979 980 937 
981 939 938 
980 981 938 
982 940 939 
981 982 939 
983 941 940 
982 983 940 
984 942 941 
983 984 941 
985 943 942 
984 985 942 
986 944 943 
985 986 943 
987 945 944 
986 987 944 
946 988 948 
947 989 946 
946 989 988 
948 988 990 
948 990 949 
949 990 991 
949 991 950 
950 991 992 
950 992 951 
951 992 993 
951 993 952 
994 953 952 
952 993 994 
994 995 953 
956 953 995 
996 959 955 
954 957 997 
954 997 955 
996 955 997 
997 957 998 
956 995 998 
998 957 956 
997 999 996 
960 958 1000 
1000 958 959 
1000 959 996 
1001 961 960 
960 1000 1001 
1002 963 961 
1001 1002 961 
964 962 1003 
1003 962 963 
1002 1003 963 
965 964 1004 
1003 1004 964 
1005 965 1004 
1006 967 965 
1006 965 1005 
1007 968 966 
1007 966 967 
1007 967 1006 
969 1008 1009 
970 969 1009 
970 1009 1010 
971 970 1010 
971 1010 1011 
972 971 1011 
972 1011 1012 
976 972 1012 
974 1013 977 
973 976 1014 
973 1014 975 
975 1014 1015 
975 1015 974 
974 1015 1013 
976 1012 1016 
1014 976 1016 
977 1013 1017 
977 1017 978 
1018 979 978 
978 1017 1018 
1019 980 979 
1018 1019 979 
1020 981 980 
1019 1020 980 
1021 982 981 
1020 1021 981 
1022 983 982 
1021 1022 982 
1023 984 983 
1022 1023 983 
1024 985 984 
1023 1024 984 
1025 986 985 
1024 1025 985 
1026 987 986 
1025 1026 986 
988 1027 990 
989 1028 988 
988 1028 1027 
990 1027 1029 
990 1029 991 
991 1029 1030 
991 1030 992 
992 1030 1031 
992 1031 993 
993 1031 1032 
993 1032 994 
994 1032 1033 
994 1033 995 
995 1033 1034 
995 1034 998 
1000 996 1035 
1035 996 999 
998 1034 1036 
998 1036 997 
997 1036 999 
1036 1037 999 
999 1037 1035 
1038 1035 1037 
1039 1001 1000 
1039 1000 1035 
1040 1002 1001 
1039 1040 1001 
1041 1003 1002 
1040 1041 1002 
1042 1004 1003 
1041 1042 1003 
1043 1005 1004 
1042 1043 1004 
1045 1006 1005 
1043 1045 1005 
1044 1007 1046 
1046 1007 1006 
1046 1006 1045 
1008 1047 1048 
1009 1008 1048 
1009 1048 1049 
1010 1009 1049 
1010 1049 1050 
1011 1010 1050 
1011 1050 1051 
1012 1011 1051 
1012 1051 1052 
1016 1012 1052 
1017 1013 1053 
1013 1015 1054 
1013 1054 1053 
1014 1016 1055 
1015 1014 1055 
1015 1055 1054 
1016 1052 1056 
1055 1016 1056 
1057 1018 1017 
1017 1053 1057 
1058 1019 1018 
1057 1058 1018 
1059 1020 1019 
1058 1059 1019 
1060 1021 1020 
1059 1060 1020 
1061 1022 1021 
1060 1061 1021 
1062 1023 1022 
1061 1062 1022 
1063 1024 1023 
1062 1063 1023 
1064 1025 1024 
1063 1064 1024 
1065 1026 1025 
1064 1065 1025 
1027 1066 1029 
1028 1067 1027 
1027 1067 1066 
1029 1066 1068 
1029 1068 1030 
1030 1068 1069 
1030 1069 1031 
1031 1069 1070 
1031 1070 1032 
1032 1070 1071 
1032 1071 1033 
1033 1071 1072 
1033 1072 1034 
1034 1072 1073 
1034 1073 1036 
1074 1039 1035 
1074 1035 1038 
1036 1073 1075 
1036 1075 1037 
1037 1075 1038 
1074 1038 1076 
1075 1076 1038 
1077 1040 1039 
1077 1039 1074 
1078 1041 1040 
1078 1040 1077 
1079 1042 1041 
1079 1041 1078 
1080 1043 1042 
1080 1042 1079 
1081 1045 1043 
1081 1043 1080 
1082 1044 1046 
1083 1046 1045 
1083 1045 1081 
1082 1046 1084 
1084 1046 1083 
1047 1082 1085 
1048 1047 1085 
1048 1085 1086 
1049 1048 1086 
1049 1086 1087 
1050 1049 1087 
1050 1087 1088 
1051 1050 1088 
1051 1088 1089 
1052 1051 1089 
1052 1089 1090 
1056 1052 1090 
1053 1054 1091 
1053 1091 1057 
1055 1056 1092 
1054 1055 1092 
1054 1092 1091 
1056 1090 1093 
1092 1056 1093 
1091 1094 1057 
1095 1058 1057 
1094 1095 1057 
1096 1059 1058 
1095 1096 1058 
1097 1060 1059 
1096 1097 1059 
1098 1061 1060 
1097 1098 1060 
1099 1062 1061 
1098 1099 1061 
1100 1063 1062 
1099 1100 1062 
1101 1064 1063 
1100 1101 1063 
1102 1065 1064 
1101 1102 1064 
1066 1103 1068 
1067 1104 1066 
1066 1104 1103 
1068 1103 1105 
1068 1105 1069 
1069 1105 1106 
1069 1106 1070 
1070 1106 1107 
1070 1107 1071 
1071 1107 1108 
1071 1108 1072 
1072 1108 1109 
1072 1109 1073 
1073 1109 1110 
1073 1110 1075 
1111 1077 1074 
1111 1074 1076 
1075 1110 1112 
1075 1112 1076 
1111 1076 1112 
1112 1113 1111 
1114 1078 1077 
1114 1077 1111 
1115 1079 1078 
1115 1078 1114 
1116 1080 1079 
1116 1079 1115 
1117 1081 1080 
1117 1080 1116 
1083 1081 1118 
1118 1081 1117 
1085 1082 1119 
1119 1082 1084 
1084 1083 1120 
1120 1083 1118 
1119 1084 1121 
1121 1084 1120 
1085 1119 1122 
1086 1085 1122 
1086 1122 1123 
1087 1086 1123 
1087 1123 1124 
1088 1087 1124 
1088 1124 1125 
1089 1088 1125 
1089 1125 1126 
1090 1089 1126 
1090 1126 1127 
1093 1090 1127 
1092 1093 1128 
1091 1092 1128 
1091 1128 1094 
1093 1127 1129 
1128 1093 1129 
1130 1094 1128 
1131 1095 1094 
1130 1131 1094 
1132 1096 1095 
1131 1132 1095 
1133 1097 1096 
1132 1133 1096 
1134 1098 1097 
1133 1134 1097 
1135 1099 1098 
1134 1135 1098 
1136 1100 1099 
1135 1136 1099 
1137 1101 1100 
1136 1137 1100 
1138 1102 1101 
1137 1138 1101 
1103 1139 1105 
1104 1140 1103 
1103 1140 1139 
1105 1139 1141 
1105 1141 1106 
1106 1141 1142 
1106 1142 1107 
1107 1142 1143 
1107 1143 1108 
1108 1143 1144 
1108 1144 1109 
1109 1144 1145 
1109 1145 1110 
1110 1145 1146 
1110 1146 1112 
1147 1114 1111 
1147 1111 1113 
1112 1146 1148 
1112 1148 1113 
1113 1148 1147 
1149 1115 1114 
1149 1114 1147 
1150 1116 1115 
1150 1115 1149 
1151 1117 1116 
1151 1116 1150 
1152 1118 1117 
1152 1117 1151 
1120 1118 1153 
1153 1118 1152 
1122 1119 1154 
1154 1119 1121 
1154 1121 1155 
1121 1120 1155 
1155 1120 1153 
1122 1154 1156 
1123 1122 1156 
1123 1156 1157 
1124 1123 1157 
1124 1157 1158 
1125 1124 1158 
1125 1158 1159 
1126 1125 1159 
1126 1159 1160 
1127 1126 1160 
1127 1160 1161 
1129 1127 1161 
1128 1129 1162 
1161 1162 1129 
1162 1130 1128 
1163 1131 1130 
1162 1163 1130 
1164 1132 1131 
1163 1164 1131 
1165 1133 1132 
1164 1165 1132 
1166 1134 1133 
1165 1166 1133 
1167 1135 1134 
1166 1167 1134 
1168 1136 1135 
1167 1168 1135 
1169 1137 1136 
1168 1169 1136 
1170 1138 1137 
1169 1170 1137 
1139 1171 1141 
1140 1172 1139 
1139 1172 1171 
1141 1171 1173 
1141 1173 1142 
1142 1173 1174 
1142 1174 1143 
1143 1174 1175 
1143 1175 1144 
1144 1175 1176 
1144 1176 1145 
1145 1176 1177 
1145 1177 1146 
1178 1149 1147 
1146 1177 1179 
1146 1179 1148 
1148 1179 1180 
1148 1180 1147 
1147 1180 1178 
1181 1150 1149 
1181 1149 1178 
1182 1151 1150 
1182 1150 1181 
1183 1152 1151 
1183 1151 1182 
1153 1152 1184 
1184 1152 1183 
1185 1153 1184 
1153 1185 1155 
1156 1154 1186 
1186 1154 1155 
1186 1155 1187 
1187 1155 1185 
1156 1186 1188 
1157 1156 1188 
1157 1188 1189 
1158 1157 1189 
1158 1189 1190 
1159 1158 1190 
1159 1190 1191 
1160 1159 1191 
1160 1191 1192 
1161 1160 1192 
1193 1162 1161 
1161 1192 1193 
1194 1163 1162 
1193 1194 1162 
1195 1164 1163 
1194 1195 1163 
1196 1165 1164 
1195 1196 1164 
1197 1166 1165 
1196 1197 1165 
1198 1167 1166 
1197 1198 1166 
1199 1168 1167 
1198 1199 1167 
1200 1169 1168 
1199 1200 1168 
1201 1170 1169 
1200 1201 1169 
1171 1202 1173 
1172 1203 1171 
1171 1203 1202 
1173 1202 1204 
1173 1204 1174 
1174 1204 1205 
1174 1205 1175 
1175 1205 1206 
1175 1206 1176 
1176 1206 1207 
1176 1207 1177 
1177 1207 1208 
1177 1208 1179 
1209 1181 1178 
1209 1178 1180 
1179 1208 1210 
1179 1210 1180 
1180 1210 1211 
1180 1211 1209 
1212 1183 1182 
1212 1182 1213 
1213 1182 1181 
1213 1181 1209 
1214 1213 1209 
1184 1183 1215 
1215 1183 1212 
1185 1184 1216 
1216 1184 1215 
1187 1185 1217 
1217 1185 1216 
1188 1186 1218 
1218 1186 1187 
1218 1187 1219 
1219 1187 1217 
1188 1218 1220 
1189 1188 1220 
1189 1220 1221 
1190 1189 1221 
1190 1221 1222 
1191 1190 1222 
1191 1222 1223 
1192 1191 1223 
1192 1223 1224 
1192 1224 1193 
1225 1194 1193 
1224 1225 1193 
1226 1195 1194 
1225 1226 1194 
1227 1196 1195 
1226 1227 1195 
1228 1197 1196 
1227 1228 1196 
1229 1198 1197 
1228 1229 1197 
1230 1199 1198 
1229 1230 1198 
1231 1200 1199 
1230 1231 1199 
1232 1201 1200 
1231 1232 1200 
1202 1233 1204 
1203 1234 1202 
1202 1234 1233 
1204 1233 1235 
1204 1235 1205 
1205 1235 1236 
1205 1236 1206 
1206 1236 1237 
1206 1237 1207 
1207 1237 1238 
1207 1238 1208 
1208 1238 1239 
1208 1239 1210 
1211 1240 1209 
1214 1209 1240 
1210 1239 1241 
1210 1241 1211 
1211 1241 1240 
1215 1212 1242 
1242 1212 1243 
1243 1212 1213 
1243 1213 1214 
1244 1243 1214 
1244 1214 1240 
1216 1215 1245 
1245 1215 1242 
1219 1217 1246 
1217 1216 1246 
1216 1245 1246 
1219 1246 1247 
1220 1218 1248 
1248 1218 1219 
1248 1219 1249 
1249 1219 1247 
1220 1248 1250 
1221 1220 1250 
1221 1250 1251 
1222 1221 1251 
1222 1251 1252 
1223 1222 1252 
1253 1224 1223 
1223 1252 1253 
1254 1225 1224 
1253 1254 1224 
1255 1226 1225 
1254 1255 1225 
1256 1227 1226 
1255 1256 1226 
1257 1228 1227 
1256 1257 1227 
1258 1229 1228 
1257 1258 1228 
1259 1230 1229 
1258 1259 1229 
1260 1231 1230 
1259 1260 1230 
1261 1232 1231 
1260 1261 1231 
1233 1262 1235 
1234 1263 1233 
1233 1263 1262 
1235 1262 1264 
1235 1264 1236 
1236 1264 1265 
1236 1265 1237 
1237 1265 1266 
1237 1266 1238 
1238 1266 1267 
1238 1267 1239 
1239 1267 1268 
1239 1268 1241 
1241 1268 1269 
1241 1269 1240 
1240 1269 1244 
1245 1242 1270 
1242 1243 1271 
1270 1242 1271 
1271 1243 1244 
1271 1244 1272 
1269 1272 1244 
1247 1246 1273 
1246 1245 1273 
1245 1270 1273 
1274 1273 1270 
1249 1247 1275 
1275 1247 1273 
1250 1248 1276 
1276 1248 1249 
1276 1249 1277 
1277 1249 1275 
1250 1276 1278 
1251 1250 1278 
1251 1278 1279 
1252 1251 1279 
1252 1279 1280 
1252 1280 1253 
1281 1254 1253 
1280 1281 1253 
1282 1255 1254 
1281 1282 1254 
1283 1256 1255 
1282 1283 1255 
1284 1257 1256 
1283 1284 1256 
1285 1258 1257 
1284 1285 1257 
1286 1259 1258 
1285 1286 1258 
1287 1260 1259 
1286 1287 1259 
1288 1261 1260 
1287 1288 1260 
1262 1289 1264 
1263 1290 1262 
1262 1290 1289 
1264 1289 1291 
1264 1291 1265 
1265 1291 1292 
1265 1292 1266 
1266 1292 1293 
1266 1293 1267 
1267 1293 1294 
1267 1294 1268 
1268 1294 1295 
1268 1295 1269 
1269 1295 1296 
1269 1296 1272 
1270 1271 1297 
1270 1297 1274 
1272 1296 1298 
1272 1298 1271 
1297 1271 1298 
1275 1273 1299 
1299 1273 1274 
1299 1274 1300 
1300 1274 1297 
1277 1275 1301 
1301 1275 1299 
1278 1276 1302 
1302 1276 1277 
1302 1277 1303 
1303 1277 1301 
1278 1302 1304 
1279 1278 1304 
1305 1280 1279 
1279 1304 1305 
1306 1281 1280 
1305 1306 1280 
1307 1282 1281 
1306 1307 1281 
1308 1283 1282 
1307 1308 1282 
1309 1284 1283 
1308 1309 1283 
1310 1285 1284 
1309 1310 1284 
1311 1286 1285 
1310 1311 1285 
1312 1287 1286 
1311 1312 1286 
1313 1288 1287 
1312 1313 1287 
1289 1314 1291 
1290 1315 1289 
1289 1315 1314 
1291 1314 1316 
1291 1316 1292 
1292 1316 1317 
1292 1317 1293 
1293 1317 1318 
1293 1318 1294 
1294 1318 1319 
1294 1319 1295 
1295 1319 1320 
1295 1320 1296 
1296 1320 1321 
1296 1321 1298 
1298 1321 1322 
1298 1322 1297 
1297 1322 1300 
1301 1299 1323 
1323 1299 1300 
1322 1324 1300 
1323 1300 1324 
1303 1301 1325 
1325 1301 1323 
1304 1302 1326 
1326 1302 1303 
1326 1303 1327 
1303 1325 1327 
1304 1326 1328 
1304 1328 1305 
1329 1306 1305 
1328 1329 1305 
1330 1307 1306 
1329 1330 1306 
1331 1308 1307 
1330 1331 1307 
1332 1309 1308 
1331 1332 1308 
1333 1310 1309 
1332 1333 1309 
1334 1311 1310 
1333 1334 1310 
1335 1312 1311 
1334 1335 1311 
1336 1313 1312 
1335 1336 1312 
1314 1337 1316 
1315 1338 1314 
1314 1338 1337 
1316 1337 1339 
1316 1339 1317 
1317 1339 1340 
1317 1340 1318 
1318 1340 1341 
1318 1341 1319 
1319 1341 1342 
1319 1342 1320 
1320 1342 1343 
1320 1343 1321 
1321 1343 1344 
1321 1344 1322 
1322 1344 1345 
1322 1345 1324 
1345 1346 1324 
1325 1323 1346 
1324 1346 1323 
1346 1347 1325 
1348 1327 1325 
1348 1325 1347 
1349 1328 1326 
1348 1349 1327 
1349 1326 1327 
1350 1329 1328 
1349 1350 1328 
1351 1330 1329 
1350 1351 1329 
1352 1331 1330 
1351 1352 1330 
1353 1332 1331 
1352 1353 1331 
1354 1333 1332 
1353 1354 1332 
1355 1334 1333 
1354 1355 1333 
1356 1335 1334 
1355 1356 1334 
1357 1336 1335 
1356 1357 1335 
1337 1358 1339 
1338 1359 1337 
1337 1359 1358 
1339 1358 1360 
1339 1360 1340 
1340 1360 1361 
1340 1361 1341 
1341 1361 1362 
1341 1362 1342 
1342 1362 1363 
1342 1363 1343 
1343 1363 1364 
1343 1364 1344 
1344 1364 1365 
1344 1365 1345 
1345 1365 1366 
1345 1366 1346 
1346 1366 1367 
1346 1367 1347 
1368 1348 1347 
1347 1367 1368 
1369 1349 1348 
1368 1369 1348 
1370 1350 1349 
1369 1370 1349 
1371 1351 1350 
1370 1371 1350 
1372 1352 1351 
1371 1372 1351 
1373 1353 1352 
1372 1373 1352 
1374 1354 1353 
1373 1374 1353 
1375 1355 1354 
1374 1375 1354 
1376 1356 1355 
1375 1376 1355 
1377 1357 1356 
1376 1377 1356 
1358 1378 1360 
1359 1379 1358 
1358 1379 1378 
1360 1378 1380 
1360 1380 1361 
1361 1380 1381 
1361 1381 1362 
1362 1381 1382 
1362 1382 1363 
1363 1382 1383 
1363 1383 1364 
1364 1383 1384 
1364 1384 1365 
1365 1384 1385 
1365 1385 1366 
1366 1385 1386 
1366 1386 1367 
1387 1369 1368 
1367 1386 1387 
1387 1368 1367 
1386 1388 1387 
1389 1370 1369 
1387 1389 1369 
1390 1371 1370 
1389 1390 1370 
1391 1372 1371 
1390 1391 1371 
1392 1373 1372 
1391 1392 1372 
1393 1374 1373 
1392 1393 1373 
1394 1375 1374 
1393 1394 1374 
1395 1376 1375 
1394 1395 1375 
1396 1377 1376 
1395 1396 1376 
1378 1397 1380 
1379 1398 1378 
1378 1398 1397 
1380 1397 1399 
1380 1399 1381 
1381 1399 1400 
1381 1400 1382 
1382 1400 1401 
1382 1401 1383 
1383 1401 1402 
1383 1402 1384 
1384 1402 1403 
1384 1403 1385 
1385 1403 1404 
1385 1404 1386 
1386 1404 1388 
1405 1389 1387 
1405 1387 1388 
1404 1405 1388 
1406 1390 1389 
1405 1406 1389 
1407 1391 1390 
1406 1407 1390 
1408 1392 1391 
1407 1408 1391 
1409 1393 1392 
1408 1409 1392 
1410 1394 1393 
1409 1410 1393 
1411 1395 1394 
1410 1411 1394 
1412 1396 1395 
1411 1412 1395 
1397 1413 1399 
1398 1414 1397 
1397 1414 1413 
1399 1413 1415 
1399 1415 1400 
1400 1415 1416 
1400 1416 1401 
1401 1416 1417 
1401 1417 1402 
1402 1417 1418 
1402 1418 1403 
1403 1418 1419 
1403 1419 1404 
1404 1419 1420 
1404 1420 1405 
1421 1406 1405 
1421 1405 1420 
1422 1407 1406 
1421 1422 1406 
1423 1408 1407 
1422 1423 1407 
1424 1409 1408 
1423 1424 1408 
1425 1410 1409 
1424 1425 1409 
1426 1411 1410 
1425 1426 1410 
1427 1412 1411 
1426 1427 1411 
1413 1428 1415 
1414 1429 1413 
1413 1429 1428 
1415 1428 1430 
1415 1430 1416 
1416 1430 1431 
1416 1431 1417 
1417 1431 1432 
1417 1432 1418 
1418 1432 1433 
1418 1433 1419 
1419 1433 1434 
1419 1434 1420 
1420 1434 1421 
1435 1422 1421 
1435 1421 1434 
1436 1423 1422 
1435 1436 1422 
1437 1424 1423 
1436 1437 1423 
1438 1425 1424 
1437 1438 1424 
1439 1426 1425 
1438 1439 1425 
1440 1427 1426 
1439 1440 1426 
1428 1441 1430 
1429 1442 1428 
1428 1442 1441 
1430 1441 1443 
1430 1443 1431 
1431 1443 1444 
1431 1444 1432 
1432 1444 1445 
1432 1445 1433 
1433 1445 1446 
1433 1446 1434 
1447 1435 1434 
1434 1446 1447 
1448 1436 1435 
1447 1448 1435 
1449 1437 1436 
1448 1449 1436 
1450 1438 1437 
1449 1450 1437 
1451 1439 1438 
1450 1451 1438 
1452 1440 1439 
1451 1452 1439 
1441 1453 1443 
1442 1454 1441 
1441 1454 1453 
1443 1453 1455 
1443 1455 1444 
1444 1455 1456 
1444 1456 1445 
1445 1456 1457 
1445 1457 1446 
1458 1448 1447 
1446 1457 1458 
1458 1447 1446 
1459 1449 1448 
1458 1459 1448 
1460 1450 1449 
1459 1460 1449 
1461 1451 1450 
1460 1461 1450 
1462 1452 1451 
1461 1462 1451 
1453 1463 1455 
1454 1464 1453 
1453 1464 1463 
1455 1463 1465 
1455 1465 1456 
1456 1465 1466 
1456 1466 1457 
1457 1466 1467 
1457 1467 1458 
1468 1459 1458 
1468 1458 1467 
1469 1460 1459 
1468 1469 1459 
1470 1461 1460 
1469 1470 1460 
1471 1462 1461 
1470 1471 1461 
1463 1472 1465 
1464 1473 1463 
1463 1473 1472 
1465 1472 1474 
1465 1474 1466 
1466 1474 1475 
1466 1475 1467 
1467 1475 1468 
1476 1469 1468 
1476 1468 1475 
1477 1470 1469 
1476 1477 1469 
1478 1471 1470 
1477 1478 1470 
1472 1479 1474 
1473 1480 1472 
1472 1480 1479 
1474 1479 1481 
1474 1481 1475 
1482 1476 1475 
1475 1481 1482 
1483 1477 1476 
1482 1483 1476 
1484 1478 1477 
1483 1484 1477 
1479 1485 1481 
1480 1486 1479 
1479 1486 1485 
1487 1483 1482 
1481 1485 1487 
1487 1482 1481 
1488 1484 1483 
1487 1488 1483 
1485 1489 1487 
1486 1490 1485 
1485 1490 1489 
1491 1488 1487 
1491 1487 1489 
1490 1492 1489 
1492 1491 1489 
