0 0 
0 0.14814814814814808 
0.09617746530937081 0.10073494392216542 
0.14705882352939459 0 
0.47999999999999998 1.9599999999999991 
0.47999999999999998 1.9333333333333327 
0.47999999999999998 1.9866666666666655 
0 0.29629629629629617 
0.29411764705880694 0 
0.10887923483999554 0.22499951845421245 
0.22494926817746397 0.13052705300846651 
0.47999999999999998 1.9066666666666663 
0.5 1.9868233050863751 
0.5 1.9604608155095478 
0.5 1.932079746515067 
0.47999999999999998 2.0133333333333319 
0.47999999999999998 2.0399999999999983 
0.5 2.0131766949136249 
0.47999999999999998 2.0666666666666647 
0 0.44444444444444425 
0.44117647058821929 0 
0.11517415788879622 0.3692242576425413 
0.37669308617792624 0.11802953873647853 
0.22648250724606855 0.2930734787273559 
0.33199178516611205 0.22663585540009692 
0.58823529411763165 0 
0 0.59259259259259234 
0.51969543785762662 1.9196432103568952 
0.5 1.8999999999999999 
0.47999999999999998 1.8799999999999999 
0.52108425873787045 1.9994812450103359 
0.52043126261340311 1.9713318349395654 
0.52174767055379501 1.9438649615886885 
0.5 2.0395391844904518 
0.52320513379543654 2.0268076795911072 
0.5 2.0679202534849326 
0.47999999999999998 2.093333333333331 
0.11848705340049281 0.51616630621010084 
0.51950124856698221 0.11972225913955398 
0.23719615184622048 0.44036550172283784 
0.45363479203736318 0.23830514960757607 
0.37046501805429444 0.36362695976964154 
0.735294117647044 0 
0.66391086356238316 0.12089194243966263 
0 0.74074074074074048 
0 0.88888888888888862 
0 1.0370370370370368 
0 1.1851851851851849 
0.11873033074574886 0.6647848962374715 
0.54359893414476645 1.9244967424587796 
0.53006932283655417 1.8999999999999999 
0.50760370930564969 1.8799999999999999 
0.54170650566473832 2.0133614235247164 
0.54189608065058492 1.985430788326094 
0.54676046236420262 1.9551775287921989 
0.56378537501260562 1.9353877190364908 
0.54854142916300863 2.0388724687494268 
0.52789860920700282 2.0564150608580882 
0.52075277444834345 2.080474096591892 
0.5 2.1000000000000001 
0.47999999999999998 2.1200000000000001 
0 1.333333333333333 
0.23713828443618931 0.58877980068337743 
0.59367864837186424 0.24225104941985687 
0.35457451915013788 0.51257989460822273 
0.52518619964049873 0.365402352395783 
0.46262761946030234 0.46768657619333104 
0.88235294117645635 0 
0.80965498706211159 0.12091923012261081 
0.7374610167572867 0.24268272526157006 
1.0294117647058687 0 
0.11949767515517649 0.8141867972684117 
0.11994794527125142 0.96387527581252475 
0.12035786705335375 1.1150367663878811 
0.11831001837002894 1.2665690248014077 
0.23838092119519819 0.73822252803165622 
0.56740791580138117 1.9175071776325943 
0.55586260772538398 1.8999999999999999 
0.54124434705372582 1.8799999999999999 
0.4909113983634189 1.735000579059067 
0.572428318755694 2.0482825086759755 
0.56343559481857031 2.0259868361282529 
0.55999999999999994 2 
0.56343559481857086 1.9740131638717455 
0.5864756714450774 1.9141991179463242 
0.57242831875569211 1.9517174913240281 
0.58531381053100451 1.9335020819679194 
0.59571758081227966 2.0448152896893292 
0.55928327543763334 2.0627331537707416 
0.54292207073675602 2.0808328693224638 
0.52968002419526083 2.1000000000000001 
0.50760370930565002 2.1200000000000001 
0.4415605318459197 1.7410132943462007 
0.39428672258073283 1.7232985674011945 
0.11272624147311192 1.4178661451004126 
0 1.4814814814814812 
0.48505535763348917 1.7979838907031107 
0.52003531490193822 1.8599999999999999 
0.35546073027933778 0.66055967728997489 
0.66467714710132531 0.36811429876078183 
0.47174625336968135 0.5923167637272837 
0.59122212292514165 0.50395405968772988 
0.9561911885122103 0.12065299393574803 
0.8831886483891358 0.24153630682653771 
0.80977637085746212 0.36244143337562662 
1.1764705882352811 0 
1.1030465621179781 0.12048460665292343 
1.3235294117646934 0 
0.23991662063868185 0.88862304026051553 
0.23988566431916333 1.0395174614153708 
0.52003761797950165 1.6993266730111198 
0.47209837036372676 1.701759918785025 
0.43019556837940298 1.6767865341755293 
0.23842894997649325 1.190838501480721 
0.23225743213921379 1.3432565681015529 
0.35954018040269164 0.81240338751040653 
0.57971201216296597 1.9000000000000001 
0.57388413744342937 1.8799999999999999 
0.56531157454391334 1.8599999999999997 
0.54043528112028849 1.7574411442617264 
0.54621917772573814 1.8182318629675975 
0.59999999999999998 1.8999999999999999 
0.58531381053100373 2.0664979180320793 
0.58761862444486834 2.0270989272908024 
0.58192743344184983 2.0081942504515466 
0.58329360282658449 1.985819338056636 
0.58382463950645114 1.9669146015357277 
0.6000000000000002 1.9199999999999999 
0.59453300862862735 1.9523023560990829 
0.60293258033988839 1.9370924996548204 
0.60476654016229503 2.0291279659744026 
0.60844284413013594 2.0579047229543033 
0.61570229295824708 2.0399046127065263 
0.56814810113393133 2.0826487616295402 
0.58651323254405219 2.0858286286519538 
0.55529855289172025 2.1000000000000001 
0.54124434705372626 2.1200000000000001 
0.41762029904908171 1.7858477360255023 
0.22103923839977002 1.5010058630565628 
0.36514694534416359 1.6567378942173183 
0.34457573539463004 1.7222959652861221 
0.36860254664174169 1.7681321598011921 
0.10876328062009749 1.5715061232595071 
0 1.6296296296296293 
0.45999999999999996 1.8599999999999999 
0.47732942296063929 0.73746023762675861 
0.74042247800707095 0.4840472066820431 
0.5917149862311446 0.6624509616020513 
0.69690319456445793 0.59520041604769491 
1.0297347850414613 0.24103258376591555 
0.95637362412784177 0.36149252053318504 
0.88491581558603294 0.48185906587470306 
1.2500269603740388 0.12036976283087615 
1.1765399810996129 0.24078028699512524 
1.4705882352941058 0 
1.3971017126975322 0.12027834624479145 
0.56318459864779513 1.7114674283185649 
0.36104751873676855 0.96374276460398101 
0.35851984298536349 1.1144887309285898 
0.55661864352415025 1.6567290199405724 
0.49000353589830797 1.6337482147070277 
0.33994754896551782 1.5449499342785664 
0.41993533739117683 1.6035436114507511 
0.34911017344148937 1.4169644632324649 
0.35340021257199949 1.2662896435486422 
0.48176067707138182 0.88746685703475281 
0.59999999999999998 1.8799999999999999 
0.58263470066450762 1.8331851439271845 
0.60000000000000009 1.8599999999999999 
0.59075048953533305 1.7442459943732196 
0.58688832795674406 1.7958315813994032 
0.62131535200377153 1.8868934407922091 
0.6210974539485421 1.9083511037510457 
0.60000000000000009 2.0800000000000001 
0.60326309666623712 2.0127421620550936 
0.59905708982820782 1.9950248898722038 
0.60423657057812008 1.9733089039517522 
0.61957846859503007 1.928725256154469 
0.61511817812013525 1.9493707490909404 
0.62015437414332353 2.0202245282273319 
0.63184593893739593 2.0308011990236321 
0.62080510840960401 2.0698794243268792 
0.6319453510549583 2.0508103262851529 
0.57955766466242253 2.1000000000000001 
0.59999999999999998 2.1000000000000001 
0.57388413744342937 2.1200000000000001 
0.36775731361310321 1.8336323060420843 
0.25278527654490007 1.6738536282322034 
0.3031535743874389 1.7810126459267341 
0.11114537895482349 1.7216581554563513 
0 1.7777777777777775 
0.38587192965987183 1.9081290595421327 
0.45999999999999996 1.9462007670885382 
1.6176470588235181 0 
0.60375371040959858 0.80956377859608319 
0.8169751751591664 0.60143800169834949 
0.73596754474057313 0.72970751689956126 
1.1030864464506875 0.36121243450931578 
1.0300603475242611 0.4813091139939516 
0.95852487988056678 0.60043127166423171 
1.3234927788326931 0.2405825575689349 
1.2498547464881211 0.36097026472941951 
1.5442243928399468 0.12015288054791938 
1.4704173223611441 0.24020489618673646 
0.60149779479857723 1.6913488390810547 
0.48016963909363097 1.037924701505903 
0.47515082366379841 1.1876812828658094 
0.61193460340361927 1.6185526951758953 
0.55129331118052494 1.5868794057440621 
0.48019495391675576 1.510557359881386 
0.46693338625980463 1.3445020271840558 
0.60413850269629532 0.96025759494688367 
0.62150156334894679 1.8621634966672007 
0.61475442309614325 1.8318622752689206 
0.63167854441915239 1.7259833779966951 
0.6215684330314204 1.7804027765122072 
0.64367281200952386 1.8956896181514191 
0.64558880620339576 1.8712744523970375 
0.64104543106875134 1.9181832935434999 
0.62250650243085637 2.0873676919016848 
0.62256474562824771 1.9950597948459905 
0.63233125533213819 1.9652273090027572 
0.63727716809286283 1.9393538908865084 
0.64049570387120414 2.0112984080812373 
0.65121794736854333 2.0323132442917475 
0.64120476751865962 2.0715639028021018 
0.65436948754862012 2.0531743265992315 
0.6244288933653005 2.1089156262416902 
0.59999999999999998 2.1200000000000001 
0.30860250275596601 1.8680280957790889 
0.22101289593389858 1.8043762101135523 
0.11157776357254465 1.8617371196733514 
0 1.9259259259259256 
0.33202752395351809 1.9470948557437808 
0.38684423763664366 1.9938183325993049 
0.46000000000000002 2.0537992329114614 
1.6913043826192142 0.11990106281765765 
1.7647058823529305 0 
0.73106323201175805 0.88955559682116725 
0.88511861845906004 0.71738261167906359 
0.83926102704369443 0.82523431822884874 
1.1763387234766156 0.48121262614923732 
1.1034436800816769 0.60087916928388552 
1.0306356424732028 0.71971966745543725 
1.396578966125823 0.3604256155290666 
1.3228541054926408 0.48091885762017728 
1.6174578602788812 0.23985040943808844 
1.543469220415812 0.35972385735978718 
0.65365000567992082 1.668630003544024 
0.68192552475259893 1.7090981632474769 
0.6797572983775868 1.5959019350942973 
0.59981895998970802 1.1073973220373285 
0.59206290108228321 1.255485271990336 
0.61605519080480897 1.5159943330106751 
0.58673131259656541 1.395952544365614 
0.72825175502480333 1.029393015125883 
0.66317614946674819 1.9064445301427058 
0.6473505377308103 1.8429532354530038 
0.65205566402266091 1.8039540326826717 
0.66154120606559008 1.7554054209547316 
0.6677946668754231 1.8828912439935239 
0.67189790525189919 1.8570556793248691 
0.66106387139150347 1.9301889839523225 
0.67789835300712253 1.91845721923136 
0.7006071487847757 1.7418512673693058 
0.64895279249452398 2.0928590352962755 
0.64941744645861865 2.1186737429747526 
0.65384005778283405 1.9814958770281066 
0.66098565690369371 1.952819812533281 
0.66858972976174336 2.0047859039004505 
0.68007461047117201 2.0349668125985856 
0.67277184711128579 2.0699219530317898 
0.62418768706111905 2.1305782921044698 
0.60000000000000009 2.1399999999999997 
0.22770073509190883 1.9413212896315808 
0.10726600035459832 2.007430719129442 
0 2.0740740740740735 
0.30435054255530419 2.0333899425798467 
0.38393394370302975 2.0878826197011975 
0.56531157454391334 2.1399999999999997 
0.45999999999999996 2.1399999999999997 
0.52003531490193844 2.1399999999999997 
1.7645129518222105 0.23951592707460859 
1.8387980069146366 0.11960994735305573 
1.9117647058823428 0 
0.87439000644411413 0.95809361621750466 
0.96201377444512959 0.83606934466685345 
1.2492828457531324 0.60118922197049063 
1.1760275009982906 0.72135829563079523 
1.1056714118704951 0.84338678452629912 
1.4691849237060455 0.47986730731972749 
1.3952994115347646 0.60084960519964303 
1.6903207351867764 0.35913119342423788 
1.6168120697101327 0.47880348556568064 
1.8368072416664876 0.35891986997495662 
0.71587665397954814 1.6536112082980656 
0.73405127316871532 1.7057265114916473 
0.75904862896816616 1.5857317708643586 
0.71366285200471602 1.5286955830310487 
0.71588409865109492 1.1777393869312509 
0.70779006771601949 1.3171948441468222 
0.7070681077364287 1.4402720785484222 
0.83936967645557159 1.1077269716311 
0.68675949368455058 1.8966908488267347 
0.67877131892008924 1.8237152792120774 
0.69140503447393797 1.7823995451718482 
0.69465337079196432 1.8734707249051432 
0.69731898672089909 1.8470748207164274 
0.68542399503286111 1.9386786352921841 
0.69679300146981982 1.9157956133724252 
0.73462390700306468 1.7563949481339201 
0.67528798583326277 2.1003821607741919 
0.65237437541565058 2.1444296374830083 
0.67799870367006365 2.1273792280941639 
0.69087054378512769 1.9728413266835236 
0.6958842909325349 2.0056405657965382 
0.71219825070265119 2.0234054866633304 
0.70793462434784404 2.0531788984749757 
0.7029549593649852 2.0831000235501889 
0.58965238600044156 2.1705712862368376 
0.62474193572948122 2.1599170112763844 
0.20689571297921883 2.0719301568412449 
0.10199660764772911 2.1472568066676372 
0 2.2222222222222214 
0.30428937327431183 2.1336701728763394 
0.38765690636069805 2.1730458870477039 
0.4452130490632854 2.2024759378925962 
0.54397273898812826 2.1796511354242125 
0.49660045318692103 2.1927200627102592 
0.58039319294006708 2.2041494162127968 
0 2.3703703703703694 
1.9118444098721206 0.23769681772715312 
1.9862373607209309 0.11865548981788585 
2.0588235294117552 0 
0.95241686973591344 1.0771730112367919 
1.0347014231173848 0.98355964274576269 
1.32142525018964 0.72093155620288485 
1.2489745238522916 0.84070929889450674 
1.1816756063366705 0.95890445776443844 
1.5400442048933016 0.59841841295139542 
1.4668308544836748 0.72107319976126083 
1.7622203355416639 0.47755422784336421 
1.6826729574743329 0.59519483819956287 
1.9805390842807462 0.3539899535375915 
1.912945414621454 0.48790674255780703 
0.78602172371637147 1.6551106524956465 
0.78854791112180456 1.7156694371756309 
0.86189650732864376 1.5846276030528672 
0.79831832802339286 1.4987458076908358 
0.82514335171556674 1.2486715212195452 
0.81985063451417783 1.3850482618257642 
0.94188118528720777 1.1938337591374704 
0.7170341330769664 1.8982089302063785 
0.72083096204744757 1.8130763226783824 
0.72709784561454105 1.8589579854962555 
0.72238270884921729 1.9376575286058364 
0.78445369346464167 1.7786624639634747 
0.6555294177057952 2.1758412309341999 
0.70181833740365951 2.1098569285947795 
0.68549157227169033 2.1566738803100889 
0.70360250463749952 2.1342590184281631 
0.72539933121621214 2.0958224712312106 
0.72942549009005431 1.9932749244148402 
0.74177568417381667 2.0331709840561918 
0.73470149775333704 2.0695156847458551 
0.62326348435434142 2.2005408620986708 
0.66393133907491153 2.2061127920817665 
0.20485229563534185 2.2148001802413995 
0.11220805625232087 2.2901847464403664 
0.31169753518888565 2.240580959205547 
0.4011349773084204 2.2519509487483917 
0.47204412815086483 2.2550787557464407 
0.53833748801730952 2.2391145471983043 
0.59835819874063079 2.2446648249709891 
0 2.5185185185185173 
0.11636547837365008 2.4376533606744784 
0 2.6666666666666652 
2.2058823529411677 0 
2.0581203178149177 0.23638172920679185 
2.132027678918043 0.1220972175285984 
2.1211077527602642 0.35241320775399537 
1.0531602162989497 1.1271949276182296 
1.1456609006954228 1.0665339347510789 
1.392136364515685 0.8404097157606133 
1.3177153889627296 0.95859622117238485 
1.2522334333163248 1.0684558316778745 
1.6076372381476176 0.7142111077865293 
1.5442408431942967 0.85172380833070538 
1.7479100442703088 0.70418721968060516 
1.8214138522829715 0.59799457536980238 
1.9302220232152005 0.60678703548289814 
2.0508868832978893 0.46025963254168079 
2.0083596808140052 0.55982238514114657 
2.1620565067044408 0.44766220985423461 
0.85412886969571256 1.6847659145891125 
0.83378830041466245 1.7435212839258547 
0.94303883411156142 1.6380186555109222 
0.96449987628111766 1.5622001004881252 
0.92821929050418284 1.4678203197310686 
0.93761395809365644 1.324944545712162 
1.0605088854694404 1.258705080743419 
0.75649363348837295 1.8979499163983435 
0.77738037251282099 1.8390511039319315 
0.78063816500131922 1.9468533538731614 
0.85155070768804886 1.8042616879351294 
0.69414563573023758 2.1877087982496817 
0.7313998695547852 2.1220932599446956 
0.7222894476404601 2.1589974204264166 
0.76073809937108705 2.0980801593079437 
0.78599591756790155 2.0015926693681632 
0.7814558236278939 2.0576499244193251 
0.65023792028906291 2.2425294729777234 
0.62893587498704673 2.2824394373034913 
0.69881936285246349 2.2324971509109335 
0.25003395585720428 2.3488055384660926 
0.35627411977708545 2.3174270548918927 
0.43904504752910356 2.3350900262495173 
0.5148920056051115 2.3192284658892408 
0.57818893519868497 2.2989393744188948 
0.63104177164928377 2.3331841820766175 
0.11910125388245697 2.5874567615312847 
0.24100702325474818 2.5054150342536143 
0 2.8148148148148131 
0.11948953026538421 2.7373408284166074 
0 2.962962962962961 
2.3529411764705799 0 
2.2839187962610534 0.13065653127617066 
2.1988267169651756 0.2471626156061088 
2.2449357296965324 0.37918964111449172 
2.499999999999992 0 
2.6470588235294046 0 
1.1837763766759755 1.1833690700221626 
1.306328139109316 1.1606181558876263 
1.4530980040288184 0.965753630480227 
1.3777109224412172 1.0779114585238052 
1.5619934374630251 0.97500011472984593 
1.6860376488083684 0.82084234961361502 
1.6418880696402232 0.92484422135240762 
1.7962553528976517 0.81311678229480189 
1.8911785982877092 0.72330289960336402 
2.0172125700698635 0.66490857474237086 
2.1244571628129711 0.57800006438858964 
2.2547104844899293 0.51054685979535464 
0.91304586542817812 1.7416481354220346 
1.0310788807471016 1.6857383001841424 
1.0210826266313688 1.6021550249273535 
1.0441920625295902 1.5157208425992721 
1.0496836523412389 1.395665900321347 
1.1741871462356068 1.3317199782165323 
0.83211835522892519 1.8892662324453402 
0.84508411219570978 1.9607967283047807 
0.91782448263864769 1.837270333957435 
0.74463304227129601 2.2007371119369625 
0.77631591810286837 2.1477025986623905 
0.81905592947220551 2.1003237314835657 
0.85163660029140775 2.0356929345645591 
0.68685254905757165 2.2928793320732321 
0.75311569069170048 2.2650153981462346 
0.36953174607732897 2.4225261446311777 
0.49553825381478067 2.4157574906569943 
0.56667553132391857 2.3711352436752016 
0.63394176033356786 2.3883568024640729 
0.68824428527622861 2.3678731768264343 
0.23833933282075881 2.6584964885269939 
0.35267037251708988 2.5775519116916579 
0.11999322816367612 2.8867480647401229 
0.23946597012728024 2.8098592182807027 
0 3.1111111111111089 
0.12036150203480506 3.0356744965531255 
0 3.2592592592592569 
2.4327258091383914 0.13124288403838941 
2.359492978015016 0.2777182475825975 
2.367011778645622 0.43025593476477553 
2.580020598923388 0.12483467844170419 
2.7236011225244514 0.11885483808066355 
2.7941176470588172 0 
1.2943477660704383 1.2703581451578512 
1.4037803257673189 1.2020879256336805 
1.5192702148538286 1.0975194234836696 
1.6511486292346453 1.0354978958500218 
1.7610813766781472 0.9439990464770377 
1.8949603786489553 0.87372416384580331 
2.0156145899848212 0.80040288280606253 
2.1331349032197728 0.72109295063174206 
2.2536053028120855 0.65129371099130684 
2.3752198623309999 0.57413529584760359 
1.0124476993136615 1.7880266099927296 
1.1119846840676544 1.7301346400181521 
1.1226034794874726 1.6090972258543053 
1.1688386715869938 1.4728515659606312 
1.2879437189208729 1.4093776039185639 
0.92320289763964625 1.9156314957374074 
0.90717390296409595 1.991298743279128 
1.0046771421486258 1.877748219070231 
0.81057112515030916 2.2188073013097833 
0.85761562809522263 2.1658759915340493 
0.87807687941064994 2.097254028082244 
0.93486402172979988 2.0572099068929215 
0.75433869175710078 2.3396847824270774 
0.82509208121272837 2.3000795482898786 
0.47304154050325231 2.5246913307591257 
0.59841465068453725 2.4653580063452329 
0.67626561583551659 2.4317879990888018 
0.74671443117985625 2.4217791174388696 
0.35779499322766251 2.7336005618986223 
0.47585430143103763 2.6640026321635948 
0.24045265833303942 2.9598185487489155 
0.36072607795316042 2.8831508173529539 
0.12057607830003438 3.1840728119016917 
0.24096287732851443 3.1092561038902473 
0.12075345035200059 3.3315836854171135 
0 3.4074074074074048 
0 3.5555555555555527 
2.9411764705882293 0 
2.5199813051603179 0.25424784692986413 
2.4692242800169684 0.37118075781435939 
2.5 0.5 
2.6570889836626086 0.24480968683706636 
2.7951198579890684 0.22563108980397595 
2.8682008239834249 0.11785357340123476 
1.4100708897135388 1.3349761372685414 
1.5305170368511156 1.2528475745532117 
1.6499706640797891 1.1755189082581377 
1.7716368809588752 1.0929803627693886 
1.8914703500837617 1.0215226102862371 
2.0143649686222895 0.94841222210202702 
2.1365851128831705 0.87116164386068262 
2.2561821709896774 0.79876072788986452 
2.3778810721377228 0.72514544146990678 
2.5 0.6499999999999988 
1.1039021412138692 1.8323588357752731 
1.2158951567167287 1.6855136841715375 
1.185980746927094 1.7800731841309247 
1.2742593865491649 1.5648716464008807 
1.3140582415399806 1.6761424942899459 
1.4050816647338558 1.4820349166104119 
0.99865723962994157 1.9846125530457197 
1.1078055147092434 1.9304954612385501 
0.89439517306860017 2.2420083357997722 
0.94944213599015193 2.1535337849387091 
1.009379222318648 2.0778023926846201 
0.82738538863848576 2.3900965432793293 
0.9107437528048884 2.3448648916404751 
0.59594184578580844 2.5964583030584314 
0.7104039654549984 2.5178276412696872 
0.80357158837379683 2.4709618488625291 
0.47947902703204848 2.8116641971819227 
0.59930401296664337 2.7404120363802229 
0.36114976314343133 3.0342061307227559 
0.48136760180737803 2.9606049156684042 
0.36177861121902621 3.1844683393638551 
0.24135184567559417 3.2572729159908009 
0.24202941351108734 3.4018772673439188 
0.12065376034154361 3.4776693205382183 
0.12114093016177852 3.6201781939884925 
0 3.7037037037037006 
0 3.8518518518518485 
3.0882352941176414 0 
3.0156141231566003 0.11942805147536162 
2.6000000000000001 0.39369538168545992 
2.6000000000000001 0.5 
2.7303687466460191 0.35396704905437226 
2.8471170552840062 0.33378731858147215 
2.9416029202422336 0.25037609099879837 
1.5299785862631659 1.4045540664066554 
1.650427324008249 1.3268158364271903 
1.771655816471247 1.2477871942228982 
1.8927250061381822 1.1719867893654401 
2.0140534894561219 1.0980330771577258 
2.1354651652108858 1.0227779550987537 
2.2570905236267107 0.94852783079003899 
2.3785103289087446 0.87483066542826493 
2.5 0.79999999999999893 
1.2099545376201077 1.8696796501672042 
1.2903424846984723 1.781488294412733 
1.4016098114758184 1.6208376698928619 
1.3845905988201872 1.7251786663461643 
1.5266145043861619 1.5575367834328946 
1.1033620677921612 2.0399969786827432 
1.2134402813796661 1.978824280787516 
0.99537256886303249 2.2683716967561729 
1.0763914584451095 2.1662141428211843 
0.9030151065747114 2.4603857186460538 
1.0192021984717721 2.4082475070716418 
0.71863260367438209 2.666458171432724 
0.83803934123684976 2.5800928580465472 
0.7238693693042868 2.8153213714760223 
0.60204696304318239 2.8885675937461293 
0.48160756311126374 3.1079358084764053 
0.59979024476410214 3.0383807227285717 
0.48088675487987981 3.2522918788943156 
0.36645439043714256 3.3307136485917601 
0.36290887378494086 3.4707947804108406 
0.24030548531607362 3.5431837224913458 
0.23147323103150125 3.6619742810791602 
0.13448214584777324 3.7739378840295883 
0.10106837010147904 3.9037903582195419 
0 4 
3.235294117647054 0 
3.3823529411764666 0 
3.1624065199970013 0.11884905677399819 
3.0910974143943806 0.23677155975453085 
2.7000000000000002 0.5 
2.8286830647272772 0.44287187400291644 
2.9398163734119356 0.38441762144851654 
3.0346433621018782 0.33838636087652946 
1.6491859693546111 1.4793878994629563 
1.7712558710295649 1.4007993756592823 
1.8931575792761635 1.3227817954283534 
2.0143493493159608 1.2486639315879957 
2.1356303607147029 1.173576012214137 
2.2570973365233047 1.0988966687326829 
2.3787075409115657 1.0247073113848215 
2.5 0.94999999999999907 
1.3105043384379973 1.9052765323873226 
1.4116873892780095 1.8278459581788953 
1.5050544728255599 1.7192615122768742 
1.645731557749049 1.6335575743999564 
1.2150071776257361 2.0960704566645374 
1.3196420154886497 2.023603043646204 
1.1150803276506978 2.3034233941043678 
1.2233453228884832 2.2220202457433644 
0.9827732545138258 2.5379762359170015 
1.1476092919518037 2.4198501694468137 
1.085822270134726 2.502498954311934 
0.85128451987375509 2.7425063011072659 
0.96672893588829101 2.669303814943234 
0.84930139237005775 2.8885360745855735 
0.72065154820039778 2.9637432655164875 
0.60467240285376589 3.1776628634805326 
0.71204410502820059 3.1131795239652571 
0.59497579998117711 3.298007101445152 
0.5031494694793448 3.4062639975877684 
0.46670761652689297 3.5345882497576122 
0.3636267030655902 3.6266084915874446 
0.29255302680731865 3.7656549491985309 
0.22380088113021029 3.8931620552162722 
0.14705882352941177 4 
3.3086140650950138 0.1185516340557759 
3.5294117647058787 0 
3.6764705882352908 0 
3.4549654219781285 0.11806677556344623 
2.7000000000000002 0.64444444444444438 
3.2357245757235185 0.23819497196698894 
3.1662448792860629 0.36921703111979404 
2.8208723183828113 0.57835724802789867 
2.938815180957969 0.51439476857652222 
3.0513378451581588 0.45081620861388777 
2.7000000000000002 0.78888888888888875 
1.7703038575808243 1.5530216164549147 
1.8924464024897087 1.4747911908657503 
2.0143292382122291 1.3989193172248378 
2.1356408225796311 1.3237669543699111 
2.2571097909979607 1.2491720020611836 
2.3785747207570336 1.1745618166672747 
2.5 1.0999999999999992 
1.4179593221630784 1.950217967131384 
1.413298801269264 2.0515853999207811 
1.530610701145575 1.868911938779295 
1.6456532690461489 1.7842494671782525 
1.7695936341166849 1.7026877176475466 
1.3538619197603454 2.1457640483062108 
1.4636567631753445 2.11743309679686 
1.2334001600978799 2.3386442570688617 
1.3473986946126582 2.2761702214198758 
1.2484972858767018 2.4367127671173971 
1.0838316866266056 2.6073285651300862 
1.1956949191096222 2.5390922939941261 
1.0806140021580961 2.7131627095324147 
0.99547082876011439 2.8200545419305607 
0.96004268796157732 2.9767470575697894 
0.83684644918592399 3.0384650804753841 
0.8236149690172998 3.161349196253199 
0.73307901982540424 3.2640730278952668 
0.65908781942101091 3.40117431904764 
0.5920187645310655 3.5274567793084688 
0.51152882437205449 3.6417823692655098 
0.43799457971282107 3.7582791544297556 
0.36382235466034668 3.8797575823876156 
0.29411764705882354 4 
3.8235294117647034 0 
3.9705882352941151 0 
3.380941050024763 0.23619878808005751 
3.6013964779228376 0.11851207208986692 
3.7483719343446427 0.11899659333241011 
3.5270762329438137 0.23513815915497699 
2.8196095643286023 0.71781394492068862 
3.3089377040522234 0.350663475720773 
3.2691025420713138 0.45489057269701205 
3.173624788925574 0.51632410040248522 
2.9381793533237568 0.65076836104377067 
3.0552758535393982 0.58330154227487108 
2.8193592193073589 0.8609146434736149 
2.7000000000000002 0.93333333333333313 
1.8919669649737287 1.624368667504565 
2.0137306599735219 1.5482305325641268 
2.1353171080513085 1.4731851208802553 
2.2569683338114248 1.3988543785857808 
2.3785327030413819 1.3245071325766142 
2.5 1.2499999999999993 
1.5256983562976643 2.0235971149567438 
1.892392567167108 1.771510193843848 
1.6514251566974396 1.9315960559017944 
1.7715312029349952 1.8495876664327813 
1.4541711839727112 2.214218087627561 
1.554504984696317 2.147420252392044 
1.3383202212403533 2.3912142919624721 
1.4469861906500896 2.3326109412792957 
1.3192490030634831 2.5093011648789849 
1.191411234442171 2.6814931300154874 
1.3126990777663725 2.6276237981547577 
1.15131218064636 2.8153446396823512 
1.0979907956246682 2.9297987196660946 
1.0608883562233002 3.0457183069022551 
0.95725913556209685 3.1318678518983378 
0.8850779593633753 3.2668562013993179 
0.8077391213870756 3.3932394019698706 
0.73391825857623616 3.5196765311753322 
0.65969976421287457 3.6409960562637718 
0.58584361080426661 3.7598887863918082 
0.51296130338334278 3.8791143509765349 
0.44117647058823534 4 
4.1176470588235272 0 
4.2647058823529393 0 
3.8961899303740593 0.11964247101325687 
4.0437451055969884 0.11986877628004905 
3.4550546753408256 0.35147305005142165 
3.6744463862374381 0.23717274540864272 
3.822106318837641 0.23826507920713413 
3.6014545838388377 0.35402899313436159 
2.9382249026821401 0.78976975965654128 
3.3873432049139174 0.46085121406876522 
3.3064078166768396 0.58132256623288903 
3.1764926748118461 0.65341304174829862 
3.0565978182960514 0.72187233173180032 
2.9387017783425158 0.93208039671737497 
2.8192281250324949 1.004375742894555 
2.7000000000000002 1.0777777777777775 
2.0133054043302692 1.6956717893901221 
2.1346135382265139 1.6212471109386968 
2.2564347348113452 1.5476663081495401 
2.3783537816387725 1.4741104221851808 
2.5 1.3999999999999995 
2.01356879445308 1.8413633779841527 
1.6593172696130749 2.0712322192840187 
1.8943803367946974 1.9155896728819544 
1.7758170894737828 1.9922215356140367 
1.5575468159586061 2.2706491563907898 
1.6676191449728133 2.2026604951472963 
1.4343899931413064 2.4538464000104181 
1.5528999826566183 2.3948059364108323 
1.4265966183286849 2.5724295443614547 
1.4204844933058651 2.6799024287357911 
1.3236751509643665 2.7833521517170507 
1.2468476573659348 2.9261106259975271 
1.1795854106055952 3.0420395652311867 
1.1025909079094047 3.1516206771860213 
1.0269325312511368 3.267734955553244 
0.95493594209879673 3.3922000525586538 
0.88049632357405361 3.5156777388839466 
0.80675483948630788 3.6387432653771086 
0.73275399884284065 3.7594235879736244 
0.66034384160052084 3.8796400535662579 
0.58823529411764708 4 
4.4117647058823515 0 
4.5588235294117636 0 
4.1912312114015196 0.11935037310854171 
4.3382153940754389 0.11910246194029195 
3.9694116408398541 0.23944227746726898 
4.1169438463845767 0.23976825257021775 
3.5275393761202651 0.47104063968819299 
3.7485394909365639 0.35621662414787614 
3.8956785302932886 0.35811976387335043 
3.6761334004909645 0.47310527549006753 
3.0570201578183829 0.86174801809728174 
3.4588934527329802 0.58518293655764808 
3.3956706800704737 0.68444677796441533 
3.2923816962452213 0.72474257975214951 
3.1749339409380757 0.79358468468565568 
2.9379012190157359 1.0748409249594133 
3.0575454921977046 1.0036203712393146 
2.8186515723026906 1.147745484010247 
2.7000000000000002 1.2222222222222221 
2.935836355552381 1.2156791176471731 
2.1335599011876631 1.7673108535053419 
2.2552068322770626 1.694983900719133 
2.3777296059272452 1.6228888158382844 
2.5 1.5499999999999996 
2.1319332330824952 1.9100189689419818 
2.0144640398412181 1.9842517449188855 
1.7809416785842211 2.1301731991121962 
1.8975560522468511 2.0558870946452426 
1.6691154424693935 2.3322214403726043 
1.7843848805131082 2.2645199926414881 
1.5430533994834705 2.5182072845562251 
1.6663080542368425 2.4613003958556643 
1.5297037432116103 2.6456961898325511 
1.4943442969038194 2.7871226648212462 
1.3975851575950762 2.91687386820325 
1.3219464063350959 3.0416658011307685 
1.2472483401751679 3.1573232605044526 
1.1742679797256916 3.2742937872999147 
1.1011868342212698 3.3940207392240525 
1.0281828827958688 3.515671278321491 
0.95440258233936115 3.6376219359078976 
0.88037466426963462 3.7591553652343936 
0.80765624357950738 3.8796763307816691 
0.73529411764705865 4 
4.7058823529411757 0 
4.8529411764705879 0 
4.4849198587660064 0.11801772884034899 
4.6310800758833981 0.11398615008754946 
4.2648950186208365 0.23895178898711503 
4.4110377688357678 0.23715363887770405 
4.0426769267499338 0.35975499972135094 
4.1901097940046181 0.35956624096315332 
3.6047371850307139 0.59126777346228365 
3.8223471940835281 0.47588130032263698 
3.9697039225184945 0.47863065371282487 
3.7521825729358742 0.59019632218505347 
3.1756510647969454 0.93363315693813309 
3.5316624975820323 0.72216859065499706 
3.4064011116932829 0.80109829636245 
3.2914602336600063 0.86609897984627082 
3.0574282296236115 1.1455594215489784 
3.1777897054967936 1.0750905641448014 
2.8176125836730952 1.2891755035109775 
2.7000000000000002 1.3666666666666663 
3.0504069007605992 1.2836609574451121 
2.9328769058647199 1.3515201591256023 
2.2527287312574975 1.840431039137943 
2.376010782268315 1.7699794935018549 
2.5 1.6999999999999997 
2.2461994783374086 1.9776824551090351 
2.1310784534181031 2.0490743429965312 
2.0174897053057581 2.1241936498719505 
1.9012601895838201 2.1953401301617372 
1.7859846641005974 2.3995270098202752 
1.9037989479527171 2.3334540930114547 
2.2433542718012873 2.1070630337700971 
1.6634417207670305 2.5934052952121189 
1.7864702208890544 2.5377205043086684 
1.6286481375655644 2.7206574786129356 
1.6183256202301326 2.8386590203961144 
1.5396755761280678 2.9228152558997991 
1.4672440688114381 3.0404626550877971 
1.3937897901081868 3.1590291002848594 
1.3209116125210127 3.277810929061876 
1.2485688451511645 3.3966498975987101 
1.1755750249682173 3.5167012326050675 
1.1021688693005443 3.6377356416278697 
1.0284379146097586 3.7587483260025771 
0.95509610509685194 3.8797247653932727 
0.88235294117647034 4 
4.7761956662223248 0.1093806202893786 
4.8997317557789959 0.096878173686719082 
5 0 
4.5582009029712296 0.23593391309922904 
4.7024581449878919 0.22058463829634001 
4.3361259789365389 0.35670534311813795 
4.4838694596445565 0.35421059728110132 
4.1166059392130752 0.47986950068986939 
4.2627825930505514 0.47734516629073714 
3.6840460950452947 0.70599803166846764 
3.8979917650566969 0.59659236360338663 
4.0429923337473781 0.60153609698883259 
3.8272329425076443 0.70900294811526898 
3.2953017617130373 1.0047018804031869 
3.6354044082429846 0.81248727656636122 
3.5364845502584945 0.87469904200335358 
3.4142205771613288 0.9382161016188787 
3.2980810386005035 1.1398613524017742 
3.182728858560143 1.2231698490981397 
3.3042176347046421 1.2467094866809889 
3.1439026922549571 1.3396874802122203 
2.8178722286799558 1.4284157747522441 
2.7000000000000002 1.5111111111111106 
2.9263013392918804 1.465638671008723 
3.0492320272304094 1.4265509303893835 
2.7000000000000002 1.655555555555555 
2.3698283405963472 1.9106914775879977 
2.5 1.8499999999999999 
2.354336742204016 2.047288268087744 
2.3343135132377508 2.1517131343134626 
2.135442123776667 2.1880853066804011 
2.023743427166631 2.2647896002742738 
1.9074931723039195 2.4733978184553922 
2.0200661076141349 2.4035143510567152 
2.258755319833778 2.2285346954334071 
1.9069203000902692 2.6081876595296709 
1.7889692647516617 2.6927565329898782 
1.7347547232586582 2.8157811618926449 
1.6721188608950417 2.9339507119634471 
1.6098104736383529 3.0446194332476679 
1.5398860321203056 3.1609952179867018 
1.4678972239082748 3.2791060399361243 
1.3954481905544271 3.3980626822472044 
1.322895199569341 3.517881907693595 
1.2496066964289856 3.6382318507139635 
1.1759840291836987 3.7587561940379781 
1.1025447317485819 3.8794496006816992 
1.029411764705882 4 
4.8695219362020667 0.22686209999608575 
5 0.14814814814813104 
4.770245507322989 0.3324874907223912 
4.6336898555207258 0.36959005535912043 
4.4039546321634404 0.47303710245776093 
4.528465767312321 0.4633163956396793 
4.191165049859622 0.60195784621080284 
4.3387341641260146 0.59293496430469839 
3.7569541729709761 0.82046270248058251 
3.9734916245472629 0.72430686029570257 
4.1154676399344554 0.72593600305264949 
3.898346273323495 0.82512654434378274 
3.4161008636430199 1.074230029189928 
3.6741930804532057 0.93555562809333692 
3.5417873792030372 1.0072384350862931 
3.4147880054960349 1.2143844708477143 
3.2472758084799 1.3316196812531051 
3.3604473667216621 1.3235779932355349 
3.1862105090330757 1.4355211969101318 
2.8309529844563692 1.5796189775159386 
2.9868683977027595 1.5657789287066779 
3.1162297972370454 1.541335129356775 
2.8002626941771411 1.7046243103688554 
2.7000000000000002 1.7999999999999998 
2.5 2 
2.4390502628285446 2.1329967837876604 
2.3782168144827303 2.2406216554591611 
2.1593363217654531 2.3373891825808006 
2.0417187931767469 2.5579832930055679 
2.1300331228661817 2.4642082782891812 
2.3027390330631454 2.345959383466568 
1.9976765721409406 2.6717304225660472 
1.9188629712316678 2.716024359721021 
1.8725779679749834 2.8122021462489801 
1.8173754907768056 2.9294131272831914 
1.7541519266849603 3.0467651356092644 
1.685786377190305 3.1627276229389985 
1.6147245173489193 3.2801554935493384 
1.5425073909087026 3.3988005916799851 
1.4697762686778546 3.5183465414476438 
1.3967390083236548 3.6384533195790052 
1.3232639867577158 3.7588881901329003 
1.249813852439968 3.8794295112321167 
1.1764705882352937 4 
4.8799508105990581 0.37889326164788639 
5 0.29629629629627985 
4.7589514423977191 0.45396029392174103 
4.6343844108668906 0.52446550216082677 
4.4966349938496535 0.59535543633070342 
4.4035938651354272 0.69912620123494151 
4.2696624726111363 0.73473305293325486 
4.172852030720021 0.83397450968539499 
3.8224982379050787 0.93460579072269345 
3.7656391883775884 1.0299522680286586 
4.042631657596206 0.85909415972754732 
3.9404078069152106 0.93739250683909014 
3.5324264196841764 1.1409779347817213 
3.6582714044240987 1.079472676957036 
3.5276197890701368 1.2481993084325396 
3.4646237270967726 1.327134522920137 
3.3061460021161047 1.421054728142334 
3.4031451616694319 1.4000198100365773 
3.2465144945827089 1.52793785596596 
3.1767793188152131 1.6324433322691441 
2.9203604864293342 1.6879470187727839 
3.0517740360581054 1.6597785318993519 
2.850000000000001 1.7999999999999998 
2.6249999999999991 2 
2.5664790485896951 2.1215028028733789 
2.5009556143942797 2.2368547637172269 
2.4334871435388847 2.3476711720366428 
2.2357124658008605 2.4514123303981346 
2.1019360908010585 2.6833833515107175 
2.1747623202463178 2.5649131278790289 
2.3651345446636394 2.4579598023307834 
2.0139768646633818 2.7902218785900743 
1.9614924012128321 2.9291038127072748 
1.9059087886940129 3.0465954073960795 
1.8338117352439947 3.163501543640983 
1.7620738960587425 3.2808495073915016 
1.6897612614609259 3.3992742365711912 
1.6169471708805887 3.5186577374118717 
1.543792389040312 3.6386643027780967 
1.4704320117585072 3.758981069926798 
1.3969771582576389 3.8794549858938026 
1.3235294117647054 4 
4.8789666966343868 0.52233151308044357 
5 0.44444444444442865 
4.7564713734422694 0.59599394055977806 
4.6319413516266934 0.66839301497120163 
4.514290920168321 0.74576108795104457 
4.3941133833078609 0.81887948847319214 
4.2798779448354693 0.88397049993045196 
4.1587421483236939 0.95792851419920322 
3.7784380903843044 1.1385292072441748 
3.8994489053899941 1.0591450945507097 
4.0391099600131248 1.008990949477135 
3.8835987726353047 1.178357433469597 
3.6514818923602417 1.2160050020013333 
3.5867331351968352 1.3374362877327823 
3.4900969035457079 1.4375139938912924 
3.3884992174404154 1.5133830989406523 
3.2994245129519388 1.6300996512930004 
3.2331347920419717 1.7157574123171409 
3.1334838041322843 1.7529555179310663 
3 1.7999999999999998 
2.7499999999999996 2 
2.6906727072257937 2.1163563445539708 
2.6268527738956395 2.2315528742914208 
2.5613748382671706 2.3451122314179735 
2.4945513748618073 2.4593828526400077 
2.1503401017643027 2.7965472391209296 
2.2977814424935401 2.5703889229658925 
2.2273040103870674 2.6845157327259406 
2.4265358082235982 2.5729441524774534 
2.0949344561700793 2.9225731523153611 
2.0557048249717029 3.0455045015917257 
1.9842408842273971 3.1636018939607533 
1.9104418981984967 3.2810261421035136 
1.8373318769665843 3.3995644572939683 
1.7642381281452622 3.5188909717352241 
1.6909733840889405 3.6388028487688024 
1.6175519151762714 3.7590597562023897 
1.5440632919970294 3.8794946768291978 
1.4705882352941169 4 
4.8784104186362445 0.66816389633407669 
5 0.59259259259257746 
4.7563610742280176 0.74209221180570994 
4.6354051061305519 0.81529160529722433 
4.5156437269397287 0.89019446600549823 
4.3963465458494237 0.96132667116232595 
4.2763340997205024 1.0319205593598264 
4.1513684021260264 1.1014000693996033 
3.8092974252655858 1.2660607360169056 
4.009751016134989 1.1713724580586331 
3.9210584260016477 1.2566796714775614 
3.8954219813634019 1.3339248278271763 
3.7032664504998363 1.3537484922021938 
3.6130993923116836 1.454989822929956 
3.5177442642484933 1.5536617491289544 
3.4226430642738159 1.6526657173962855 
3.3239426028409569 1.7436782300939602 
3.0000000000000004 1.8999999999999997 
3.2320437214694633 1.8196103299985316 
3.1063046183145406 1.9000000000000004 
2.875 2 
2.8136914203660162 2.1153989335388936 
2.7513834802448449 2.2297866155354593 
2.6874281377913563 2.3432105768291844 
2.6237022627573547 2.4582674863124927 
2.5564984140672458 2.5732783459323216 
2.2131537152054088 2.8883514031987678 
2.2837845640687182 2.7967791454809277 
2.3571435600929078 2.6872008356913675 
2.4881034351863129 2.6892523756408839 
2.2147401779745945 3.0206262337211962 
2.1349781369112306 3.1576561628596784 
2.0595537799832777 3.2799439001615891 
1.9852437122275595 3.3995181409983348 
1.9116064354099995 3.5190499211438921 
1.8381431410663618 3.6389272180429386 
1.7646663003036887 3.7591246431029597 
1.6911504486738036 3.8795177321062382 
1.6176470588235283 4 
4.8785301814834705 0.81537148596481845 
5 0.74074074074072627 
4.7573853038540159 0.88936327298757956 
4.6369393039909719 0.96325648319636781 
4.516511651886284 1.0365035378439833 
4.3959325877056239 1.1087810918769463 
4.2725452186819597 1.181017652913479 
4.1419419663840396 1.2541944691217848 
3.8167777130450977 1.3938893047420533 
4.0072226080764404 1.3336826285668757 
3.918922897785388 1.4145161555611032 
3.7311729556620499 1.4862624770400288 
3.6411596289677544 1.5845090341071546 
3.5438405729921265 1.6823198730544526 
3.4465966056637476 1.7747371671739771 
3.3483205488092236 1.8610575357768244 
3 2 
3.2470773622840099 1.9442196672045988 
3.1522624736976388 2.0253639757258051 
2.9386956679633252 2.1168395112835485 
2.8763966667621372 2.2294111298603827 
2.8136485153750286 2.3432048538336128 
2.7501994931852725 2.4579353916942885 
2.6858937597174397 2.5722643144994968 
2.6205062453178294 2.6862329228806767 
2.3356639933755567 2.9182100874093813 
2.4191020035870654 2.8058495747391796 
2.5525679898887184 2.8028602886392218 
2.3798542691940336 3.045700826821411 
2.2866647558190327 3.1572854000010113 
2.2089643984913798 3.2789750477217958 
2.1334059264649516 3.3992418768394899 
2.0590386018571922 3.5190794154028366 
1.9852515897673497 3.6390328233377165 
1.9117303682249209 3.7591958564830414 
1.8382174087946039 3.8795399082488031 
1.7647058823529398 4 
4.8788736575291978 0.96313081462433325 
5 0.88888888888887507 
4.7580939750409366 1.0370871561175776 
4.6372523392694234 1.1108419387726742 
4.5162404054520513 1.1841916563387163 
4.3936499528583948 1.2572836552110542 
4.2686906113558098 1.3309786926268392 
4.1410065141880166 1.4070144638709525 
3.8656685153535646 1.5203750307823545 
4.0095236710884352 1.4907089858870575 
3.9520957623652295 1.5770786266772179 
3.7634455832181342 1.6225939278441512 
3.6651946606257702 1.7175693172927566 
3.5686449177417039 1.8098216814527932 
3.4701021548261526 1.8982657648907759 
3.3701608457710108 1.9858340552991005 
3.0685713854141405 2.1251955319166265 
3.2733750976925657 2.0734664710065487 
3.1791516826468724 2.1321174720635856 
3.0066002374428922 2.2331133812956439 
2.9437983379038055 2.3453906984175248 
2.8799234397159612 2.4590897240734675 
2.8153213831704682 2.5732196433088874 
2.7504230660330524 2.6864794701713905 
2.6891924434999357 2.7946345391432654 
2.4973456257616595 2.9406737840428043 
2.6264854860462687 2.8934364413229408 
2.5062006734690483 3.0705069549555182 
2.4385103887643083 3.1669025007985572 
2.3579787390908975 3.2805948454950951 
2.2814420608795216 3.3993294942928927 
2.2064612548085729 3.5190213276111173 
2.1323784931895333 3.6390447143145646 
2.0587657408224991 3.7592272730996101 
1.9852667284987617 3.8795589863038344 
1.9117647058823515 4 
4.8791012498809447 1.1111111111110983 
5 1.0370370370370239 
4.758238402751183 1.1850592386552006 
4.6371054639349838 1.2588258851212284 
4.5154333611960551 1.3324744422914581 
4.3928082576734999 1.4062359955126162 
4.2701288496705967 1.4801263904444755 
4.1485313785527831 1.552395616578683 
3.8933943581236425 1.6682568252180223 
4.0310067478031044 1.6293655648838479 
3.784083380576023 1.7585908826245902 
3.6900403564421493 1.8476629601223522 
3.5925389445740028 1.9365975910135953 
3.4929843100844349 2.0247683766524216 
3.391164544892749 2.1157791696597754 
3.1384231390586899 2.2374354598750097 
3.2757197300174843 2.2111571413423583 
3.0772327267284654 2.347317763093443 
3.0121733164693563 2.4603853719518973 
2.9463223688073872 2.5746176693230018 
2.8800787366914462 2.6890866031199305 
2.8121383082264297 2.8035575607074024 
2.7402956129045757 2.9219703589288071 
2.6368854231353422 3.0263622125508314 
2.5757862816579871 3.1634440043892442 
2.5038293907251559 3.2815785578736025 
2.428546128103124 3.3995985882811435 
2.3536661199419702 3.5189306712023538 
2.2794799280710909 3.6389497945924294 
2.2057706795216458 3.7591811442090832 
2.1323032602749694 3.879561263907505 
2.0588235294117627 4 
4.8791011068952663 1.2592130094014731 
5 1.1851851851851727 
4.7581782595128059 1.3331899041533932 
4.6369730884221587 1.4071256988384653 
4.5153397154875563 1.4811084573925439 
4.3934801316568457 1.5554395991957288 
4.2724813935762649 1.6287919222307146 
3.8829370102241141 1.8070719680811427 
4.1511339975476576 1.7037889446459333 
4.0185750294820854 1.7864413242847281 
3.8095686846122985 1.8884886592159218 
3.7147957205629893 1.9746860591755506 
3.6167128967600402 2.0621948566668946 
3.5167210002746079 2.1496060127018253 
3.4188741940723588 2.2404823670130476 
3.2108836380094052 2.341833072667197 
3.3429823779719574 2.3471160530443309 
3.1462967090983351 2.4604117297866575 
3.080244840794879 2.5755163544514903 
3.0130999346841221 2.6906877861830361 
2.9440468233900847 2.806123690605006 
2.8690696581577955 2.92312997991792 
2.7929675036148134 3.0378497081608677 
2.7186578032363555 3.1574346690839445 
2.6477005307853059 3.2797694066153782 
2.5745613582902855 3.3993328925338666 
2.5001660301772679 3.5185446618603238 
2.4264473143640797 3.6388006382314333 
2.3527533682226318 3.7590785730528444 
2.2793360545555768 3.8795409335299027 
2.2058823529411744 4 
4.8791013830240173 1.4073766728135315 
5 1.3333333333333215 
4.7581730285643742 1.4814530572467508 
4.6371098681031784 1.5555519341615229 
4.516069479894905 1.6298066711950583 
4.3953951519343653 1.7040258950681226 
4.2762188520953428 1.7769750874513441 
3.9420376480285606 1.9287572371700301 
4.1599948505405724 1.8487494322104479 
4.0682051818335143 1.921808861795907 
3.7413290650108642 2.1003254197917856 
3.8378855781791774 2.0125629127621862 
3.9361483216689122 2.0558289564444689 
3.6412884226536764 2.1869457152501726 
3.5387678459981404 2.267236534371551 
3.4582562453184607 2.3377335794723453 
3.2849890154304404 2.4615129527182766 
3.435708735389384 2.4498700195925167 
3.2162404116540491 2.5755404652845679 
3.1483957669206872 2.6914124353838051 
3.0804803146699751 2.8074456780327122 
3.0098464160899749 2.9229904234607158 
2.9376932081675111 3.0399820651861984 
2.8655476461581109 3.1586656729770559 
2.7930594340665755 3.2785170098102889 
2.7204229990457893 3.3986823831998136 
2.6470513787237029 3.5185739496603219 
2.5733527208409215 3.6386294245503823 
2.4998476544142574 3.7590184374083209 
2.4263898457884703 3.8795164495525114 
2.3529411764705861 4 
4.8791368756687605 1.5555891353890505 
5 1.4814814814814703 
4.7583174815254479 1.6297936778380402 
4.6376351016831734 1.7039859113776319 
4.5173190390431355 1.7784145781500638 
4.3979034460090602 1.8530968376204551 
4.2806320183712501 1.9232181560590658 
4.0409437301998246 2.0290979776058586 
4.167337928520042 1.9852561193155662 
3.7711766614231097 2.2293709315744694 
3.8661151104861928 2.1361920433214387 
3.9927292656259454 2.1497877039155666 
3.6623557046055648 2.3130326954082419 
3.5549480731604626 2.3839629233402815 
3.5547597247826079 2.4885240087443217 
3.3542359172512834 2.5736004734549138 
3.4886367948596351 2.5781659640585071 
3.2839263002451151 2.6906825040772904 
3.2172433519521162 2.8084743366543492 
3.150918960122961 2.9249510871408213 
3.0815845247931413 3.0413069506050769 
3.0115173409711926 3.1596342508160107 
2.9394296844706549 3.2786840410658962 
2.8667960481095158 3.3983376968870993 
2.7937563701975781 3.5183233640985687 
2.7203841430917124 3.6385581277046355 
2.6469286128485301 3.7589942272549175 
2.5734636239424478 3.8795011340645225 
2.4999999999999973 4 
4.8792207317647698 1.703795713682507 
5 1.6296296296296191 
4.758574756825495 1.7780424436724329 
4.6382858761338879 1.8522439392365511 
4.5184759443753544 1.9268019538035823 
4.3995903682530084 2.0004881007449895 
4.2825831435980932 2.0746858454377159 
4.1447270441173387 2.1552388180989865 
3.7902636822419069 2.3606433892784793 
3.9178612211826893 2.2766323821896952 
4.0485587944463841 2.2543793624358779 
3.6772026466128169 2.4502621752045277 
3.8066667160444614 2.469735390481028 
3.61780188109711 2.5722279411253122 
3.4162276464622616 2.6860228648926663 
3.5466149156370514 2.6828250774422333 
3.3516692013997114 2.8091743019842714 
3.2904769200301356 2.9264069021368826 
3.2260367957725138 3.043027115638568 
3.1587050930493685 3.1602535950688861 
3.0861857060936919 3.2790597728798274 
3.0136020932547898 3.3984287959616117 
2.9407508708825425 3.5183180907383007 
2.8674666215867171 3.6385718835006884 
2.7940161034746338 3.7589988957761928 
2.7205400154832078 3.8794923513243766 
2.647058823529409 4 
4.8792952765689153 1.8519416177881289 
5 1.7777777777777679 
4.7587169793504733 1.926042004934853 
4.6382794622264534 2.0000711127906174 
4.5182081322800558 2.0742860184355911 
4.3979284447038838 2.1487210719512242 
4.2748587558053712 2.2245866816535971 
4.1537067513346697 2.3047175879823034 
3.9052604984545645 2.4244632769928578 
4.0303538858173455 2.3727922110681732 
3.7536227443576067 2.5637088780540314 
3.8694690165293832 2.5370099219644375 
3.6847668940227161 2.6728139327069589 
3.4827610436506515 2.8035226746309463 
3.6068697192326691 2.7915224731343908 
3.4270769033460011 2.9283494451871608 
3.3699163075875087 3.0444651262161266 
3.3049979086626915 3.1606823894344473 
3.2333756188836076 3.2791710544804111 
3.1605257708640178 3.398575717512998 
3.0878481115748588 3.518388688019936 
3.0145080169961389 3.6386299135119864 
2.9411030106402376 3.7590111459038802 
2.8676140104246302 3.8794892742990572 
2.7941176470588203 4 
4.8793006477799894 2.000001237233286 
5 1.9259259259259167 
4.7585658565680964 2.0739516788881018 
4.6379470309078838 2.1478893627006235 
4.5170279985949335 2.2217538430894881 
4.3953022696918351 2.2965259423459639 
4.2726269642376744 2.3731190074805428 
4.1469084037408086 2.449256108624041 
4.006592480004473 2.526807399674404 
3.8121034538512131 2.6521785533535178 
3.9212789242014368 2.6274624512795617 
3.752698254338422 2.7889258351037602 
3.5571431039004549 2.9222651002261015 
3.6670015366435789 2.8877571595506302 
3.5189048319422684 3.0428858448035507 
3.4517078206741636 3.1601160996459123 
3.3800318816931849 3.278640934982592 
3.307243087001563 3.3983835571588905 
3.2344858108103218 3.5184201902109522 
3.1614674183004943 3.6386429886652203 
3.088143273573976 3.7590191542587483 
3.0146762411997288 3.8794887827887528 
2.9411764705882315 4 
4.8792271148381197 2.148068537683403 
5 2.0740740740740655 
4.7583372069431045 2.2219591776785932 
4.6374548329219554 2.2959096945296551 
4.5161274447112127 2.3699672114126407 
4.3939622761464863 2.4447589686957194 
4.2703593274911995 2.5204870766643257 
4.1460498457628736 2.5974852614330781 
4.0245660868631239 2.6769218440203932 
3.8942393225792387 2.7486433846595975 
3.8407136329879283 2.8559864686860421 
3.7659623524963677 2.9190067162908861 
3.6706978817008546 3.0143664589347741 
3.5980789061924274 3.1519598483914284 
3.5257956275970734 3.2762572308308804 
3.4537429318246513 3.3974580814966937 
3.3812321360705799 3.5180593232215465 
3.3083502484991913 3.6385244081672314 
3.2351366806151916 3.7589866626818371 
3.1617248295626137 3.8794797577454379 
3.0882352941176427 4 
4.8791597531541058 2.2962025775680224 
5 2.2222222222222143 
4.7582623325704683 2.3701922115992877 
4.6371943465203866 2.4442736538705256 
4.515857040737572 2.518571202250159 
4.3945117930768109 2.5935611644450769 
4.2736423637200822 2.668744626414957 
4.1542504829426781 2.7427020417259045 
4.038093074895297 2.8057238903592814 
3.9448964810597449 2.8807614541596411 
3.8542144922066566 2.9352287556756718 
3.8104483171007648 3.0317756197944408 
3.7390815919834619 3.1482378655770846 
3.6711520560713966 3.2733377865618802 
3.6000601691266172 3.3960306339067792 
3.5278822964574945 3.5174022703109631 
3.4551711477348008 3.638240834281806 
3.3820916044271692 3.7588817469268077 
3.3087565986084084 3.8794510427987192 
3.235294117647054 4 
4.8791337835483777 2.4443925399158797 
5 2.3703703703703631 
4.7582219501218921 2.5184754473039344 
4.637299628284195 2.5926767656247507 
4.5166012596812557 2.6671222372136367 
4.3967049109146101 2.7417422573407593 
4.2801017587648307 2.8165198066682962 
4.1630497676498521 2.8908168214594214 
4.059596017703317 2.945519984200947 
3.9515412794447826 3.0256350820532352 
4.0529645636100273 3.0344310693718537 
3.8897045698694703 3.1504155809619219 
3.8181669622959133 3.2720700288864966 
3.7469500769897466 3.3949640412722601 
3.6747289156895522 3.5167458133206475 
3.6019761285848926 3.6378695250667037 
3.529009091517223 3.7587171123633993 
3.4557715989844273 3.8794017677886052 
3.3823529411764652 4 
4.8791519590684818 2.592598787828384 
5 2.5185185185185119 
4.7583528765581091 2.6667555634642963 
4.6377757624804898 2.7409985757863695 
4.5176051793364991 2.8153001015861836 
4.397856926069764 2.889345406257525 
4.2784529382866863 2.9652503987575485 
4.1505324204593546 3.0417502436484076 
4.0446724852539298 3.1395494456082016 
3.9679573858762822 3.2709599901300503 
3.894775425431193 3.3945971392591687 
3.8216239902393907 3.516424061061012 
3.7487994900804513 3.6375458243325069 
3.6759023924294403 3.7585345083296424 
3.6027620992752287 3.8793354935735622 
3.5294117647058765 4 
4.8792313665309299 2.7408158335458901 
5 2.6666666666666607 
4.7586336371876907 2.8150197939085562 
4.6383137541580561 2.8892181540965751 
4.5185805667500079 2.9636442866271668 
4.3988269966953437 3.0386053780951241 
4.2794469298073121 3.1133467399424202 
4.1688113977417798 3.1650794757566048 
4.1092685521939822 3.2734259948050815 
4.0390538031328935 3.3940272772484028 
3.9677880304510276 3.5156118073920957 
3.8956244425249009 3.6373047932045459 
3.8227565762832554 3.7583483661556305 
3.7497100401045569 3.8792443524385729 
3.6764705882352877 4 
4.8793518563470277 2.8890539200390477 
5 2.8148148148148096 
4.7589285850144503 2.9632936844266791 
4.6393032246038866 3.0375317993982329 
4.5197978742714868 3.1121872211829573 
4.3988716438278042 3.187923360974906 
4.2644932240737363 3.2675209687571583 
4.1810962412240853 3.3945131216144602 
4.1134879565628557 3.5156401903510432 
4.0424285703447467 3.6372029510406456 
3.9695370745953698 3.7581306152834539 
3.89659517974304 3.8791065941178355 
3.823529411764699 4 
4.8794339347531972 3.0374061977448408 
5 2.9629629629629584 
4.759768892850432 3.1115444980438709 
4.6407324245577559 3.1857148066092087 
4.5226932403477811 3.2600322676244269 
4.4079715977711622 3.3358475902473472 
4.3025235329312377 3.4029137121558661 
4.2573353961713725 3.5149700044958565 
4.1890317672306505 3.6367660403212243 
4.1161227751344098 3.7577321800084795 
4.0433129299165174 3.878825282732659 
3.9705882352941102 4 
4.8799358274659426 3.1855916899115475 
5 3.1111111111111072 
4.7605321053246099 3.2600301511499343 
4.6425514087203759 3.3333305524297727 
4.5262793917791013 3.4052552194741508 
4.4072940753574086 3.4942022018127945 
4.3335541642926003 3.6289974280571182 
4.2612818661937437 3.7557653423114945 
4.1893204610065489 3.8779385429280455 
4.1176470588235219 4 
4.8806027666994467 3.3340444594485246 
5 3.259259259259256 
4.7618217644262861 3.4079390018523603 
4.6433716247959795 3.4811973466955526 
4.5350936074424926 3.5290660541613854 
4.4718899731122113 3.6339857576094561 
4.4044554718704916 3.7554100306359808 
4.3352065576277647 3.8777478319181191 
4.2647058823529331 4 
4.8815393850758992 3.4822339752101992 
5 3.4074074074074048 
4.7623699550708292 3.5568522535560141 
4.6280508321190625 3.6332087811195302 
4.5449866308125069 3.758178507784542 
4.4794735546542324 3.8784193623246428 
4.4117647058823444 4 
4.8845002832097171 3.6298376615092423 
5 3.5555555555555536 
4.7741997329891781 3.7043168693508233 
4.6644443006102367 3.7688646786789368 
4.6216058558735176 3.8791828751269519 
4.5588235294117556 4 
4.8888925100076053 3.7763638085917752 
5 3.7037037037037024 
4.7718811252909052 3.8690684416236953 
4.7058823529411669 4 
4.9027739185558286 3.8994043235113374 
5 3.8518518518518512 
4.8529411764705781 4 
5 4 
